DATUM;PASSNR;VVLEG;TAXINR;INKÖRT;KREDITER;UTLÄGG;ATT REDOVISA;EJ LÖNEGRUND EX MOMS;BUD;PERSONTRSP;UTRIKES;STARTTID;SLUTTID;INLOGGAD TID;RASTTID;TOTAL KM;BETALDA KM;OBETALDA KM;KM MELLAN PASS;ANTAL PÅSLAG;ANTAL BOM;ANTAL AVBEST
14-10-16;      1521;     855438;         25;     4547,00;     4645,00;        0,00;      -98,00;        0,00;        0,00;     4547,00;        0,00;0715;1824;1109;0000; 189,8; 125,2;  64,6;   0,0;            15;          0;          0;
14-10-17;      1522;     855438;         25;     4023,00;     3449,00;        0,00;      574,00;        0,00;        0,00;     4023,00;        0,00;0706;1652;0946;0020; 197,3; 142,0;  55,3;   0,1;            15;          0;          0;
14-10-20;      1523;     855438;         25;     3141,00;     2670,00;        0,00;      471,00;       19,82;        0,00;     3141,00;        0,00;0446;1652;1206;0100; 294,5; 127,2; 167,3;  34,7;             8;          0;          0;
14-10-21;      1524;     855438;         25;     3777,00;     3573,00;        0,00;      204,00;        0,00;        0,00;     3777,00;        0,00;0440;1609;1129;0000; 323,3; 189,4; 133,9;   0,0;             9;          0;          0;
14-10-22;      1525;     855438;         25;     3367,00;     3392,00;        0,00;      -25,00;        0,00;        0,00;     3367,00;        0,00;0713;1550;0837;0055; 228,0; 135,0;  93,0;   4,2;             6;          0;          0;

































