DATUM;PASSNR;VVLEG;TAXINR;INKÖRT;KREDITER;UTLÄGG;ATT REDOVISA;EJ LÖNEGRUND EX MOMS;BUD;PERSONTRSP;UTRIKES;STARTTID;SLUTTID;INLOGGAD TID;RASTTID;TOTAL KM;BETALDA KM;OBETALDA KM;KM MELLAN PASS;ANTAL PÅSLAG;ANTAL BOM;ANTAL AVBEST
14-09-01;      2122;     344650;        587;     3708,00;     3712,00;        0,00;       -4,00;        0,00;        0,00;     3708,00;        0,00;0445;1430;0945;0000; 325,8; 203,2; 122,6;   9,6;            11;          0;          0;
14-09-01;      2123;     661121;        587;     2010,00;     1607,00;        0,00;      403,00;       39,64;        0,00;     2010,00;        0,00;1447;0040;0953;0000; 146,2;  56,8;  89,4;  18,5;             8;          0;          0;
14-09-02;      2124;     344650;        587;     4156,00;     3727,00;        0,00;      429,00;       19,82;        0,00;     4156,00;        0,00;0443;1500;1017;0000; 305,5; 182,6; 122,9;   2,6;            12;          0;          0;
14-09-02;      2125;     661121;        587;     2261,00;     2281,00;        0,00;      -20,00;       95,30;        0,00;     2261,00;        0,00;1511;0109;0958;0000; 165,8;  69,7;  96,1;   8,9;            10;          0;          1;
14-09-03;      2126;     344650;        587;     3296,00;     3310,00;        0,00;      -14,00;        0,00;        0,00;     3296,00;        0,00;0447;1450;1003;0000; 193,2; 130,6;  62,6;   3,0;            13;          0;          0;
14-09-03;      2127;     661121;        587;     2759,00;     2810,00;        0,00;      -51,00;        0,00;        0,00;     2759,00;        0,00;1508;0052;0944;0000; 197,1; 140,3;  56,8;  16,0;             8;          0;          0;
14-09-04;      2128;     344650;        587;     2924,00;     2998,00;        0,00;      -74,00;        0,00;        0,00;     2924,00;        0,00;0445;1503;1018;0000; 318,2; 158,9; 159,3;   1,1;            11;          0;          0;
14-09-04;      2129;     661121;        587;     4130,00;     4268,00;        0,00;     -138,00;        0,00;        0,00;     4130,00;        0,00;1511;0026;0915;0000; 307,3; 196,5; 110,8;   9,0;            10;          1;          0;
14-09-05;      2130;     344650;        587;     4186,00;     4191,00;        0,00;       -5,00;       19,82;        0,00;     4186,00;        0,00;0447;1440;0953;0000; 278,9; 164,7; 114,2;   2,0;            12;          0;          0;
14-09-05;      2131;     661121;        587;     4031,00;     3942,00;        0,00;       89,00;       45,30;        0,00;     4031,00;        0,00;1447;0059;1012;0000; 234,6; 157,4;  77,2;   6,0;            12;          0;          0;
14-09-06;      2132;     661121;        587;     4731,00;     4874,00;        0,00;     -143,00;        0,00;        0,00;     4731,00;        0,00;1210;0020;1210;0000; 342,7; 231,0; 111,7;   8,0;            13;          0;          0;
14-09-07;      2133;     661121;        587;     4609,00;     4670,00;        0,00;      -61,00;       90,60;        0,00;     4609,00;        0,00;1140;2317;1137;0000; 283,6; 225,9;  57,7;  16,0;             9;          1;          0;
14-09-08;      2134;     344650;        587;     3420,00;     3333,00;        0,00;       87,00;        0,00;        0,00;     3420,00;        0,00;0446;1500;1014;0000; 222,0; 137,9;  84,1;  15,2;            13;          0;          0;
14-09-08;      2135;     661121;        587;     2469,00;     2504,00;        0,00;      -35,00;        0,00;        0,00;     2469,00;        0,00;1519;0026;0907;0000; 153,8;  68,5;  85,3;  25,2;            12;          0;          1;
14-09-09;      2136;     344650;        587;     2890,00;     2790,00;        0,00;      100,00;        0,00;        0,00;     2890,00;        0,00;0447;1500;1013;0000; 302,8; 160,9; 141,9;   1,9;            10;          0;          0;
14-09-09;      2137;     661121;        587;     2884,00;     2957,00;        0,00;      -73,00;       75,48;        0,00;     2884,00;        0,00;1515;0008;0853;0000; 221,9; 140,9;  81,0;  12,2;             7;          0;          0;
14-09-10;      2138;     344650;        587;     3259,00;     3050,00;        0,00;      209,00;        0,00;        0,00;     3259,00;        0,00;0435;1500;1025;0000; 185,9; 108,6;  77,3;   1,6;            17;          1;          0;
14-09-10;      2139;     661121;        587;     3027,00;     3075,00;        0,00;      -48,00;       65,12;        0,00;     3027,00;        0,00;1511;0141;1030;0034; 197,3;  90,4; 106,9;   4,5;             9;          1;          0;
14-09-11;      2140;     344650;        587;     3419,00;     3441,00;        0,00;      -22,00;       19,82;        0,00;     3419,00;        0,00;0447;1525;1038;0000; 266,3; 152,4; 113,9;   8,2;            13;          0;          0;
14-09-11;      2141;     661121;        587;     1980,00;     1980,00;        0,00;        0,00;       19,82;        0,00;     1980,00;        0,00;1831;0113;0642;0000; 126,0;  60,6;  65,4;  17,5;             5;          0;          0;
14-09-12;      2142;     344650;        587;     3844,00;     3856,00;        0,00;      -12,00;        0,00;        0,00;     3844,00;        0,00;0446;1501;1015;0000; 247,2; 155,0;  92,2;   8,5;            14;          0;          0;
14-09-12;      2143;     661121;        587;     3555,00;     3463,00;        0,00;       92,00;        0,00;        0,00;     3555,00;        0,00;1519;0112;0953;0000; 252,4; 211,0;  41,4;  12,1;            10;          0;          1;
14-09-13;      2144;     661121;        587;     5116,00;     5270,00;        0,00;     -154,00;       45,30;        0,00;     5116,00;        0,00;1215;0033;1218;0000; 272,6; 200,5;  72,1;  17,0;            15;          0;          1;
14-09-14;      2145;     661121;        587;     4714,00;     3736,00;        0,00;      978,00;       75,48;        0,00;     4714,00;        0,00;1145;2252;1107;0000; 322,6; 284,6;  38,0;  12,0;            12;          0;          1;
14-09-15;      2146;     344650;        587;     2943,00;     2879,00;        0,00;       64,00;        0,00;        0,00;     2943,00;        0,00;0448;1512;1024;0000; 299,1; 154,7; 144,4;   6,4;            12;          0;          0;
14-09-15;      2147;     661121;        587;     2450,00;     2550,00;        0,00;     -100,00;       65,12;        0,00;     2450,00;        0,00;1518;0021;0903;0000; 151,8;  65,8;  86,0;   2,1;             9;          0;          0;
14-09-01;      1551;     625792;       1414;     4066,00;     3756,00;        0,00;      310,00;        0,00;        0,00;     4066,00;        0,00;1107;2053;0946;0000; 251,3; 193,3;  58,0;   4,2;            10;          0;          0;
14-09-02;      1552;     625792;       1414;     4739,00;     4272,00;        0,00;      467,00;        0,00;        0,00;     4739,00;        0,00;0743;2116;1333;0000; 317,4; 263,0;  54,4;   2,8;            14;          0;          0;
14-09-03;      1553;     625792;       1414;     1002,00;     1114,00;        0,00;     -112,00;        0,00;        0,00;     1002,00;        0,00;0947;1223;0236;0000;  44,2;  38,6;   5,6;   9,6;             3;          0;          0;
14-09-03;      1554;     625792;       1414;      104,00;      104,00;        0,00;        0,00;        0,00;        0,00;      104,00;        0,00;1627;1834;0207;0000;   7,4;   4,2;   3,2;   0,1;             1;          0;          0;
14-09-04;      1555;     625792;       1414;        0,00;        0,00;        0,00;        0,00;        0,00;        0,00;        0,00;        0,00;0714;0722;0008;0000;   0,0;   0,0;   0,0;   0,0;             1;          0;          0;
14-09-04;      1556;     625792;       1414;     4233,00;     3483,00;        0,00;      750,00;        0,00;        0,00;     4233,00;        0,00;0810;1908;1058;0000; 140,5; 109,1;  31,4;  10,3;            17;          0;          0;
14-09-04;      1557;     820200;       1414;     1401,00;     1073,00;        0,00;      328,00;        0,00;        0,00;     1401,00;        0,00;1942;0227;0645;0000; 197,8;  64,7; 133,1;   9,8;             6;          0;          0;
14-09-05;      1558;     625792;       1414;      841,00;      868,00;        0,00;      -27,00;        0,00;        0,00;      841,00;        0,00;1420;1614;0154;0000;  48,2;  38,1;  10,1;   0,4;             2;          0;          0;
14-09-05;      1559;     751162;       1414;     3541,00;     3063,00;        0,00;      478,00;        0,00;        0,00;     3541,00;        0,00;1719;0435;1116;0023; 277,9; 175,2; 102,7;   7,2;            16;          1;          0;
14-09-06;      1560;     288340;       1414;     5906,00;     5097,00;        0,00;      809,00;        0,00;        0,00;     5906,00;        0,00;1419;0354;1335;0039; 376,9; 291,0;  85,9;  39,9;            24;          1;          0;
14-09-07;      1561;     625792;       1414;     1110,00;      595,00;        0,00;      515,00;        0,00;        0,00;     1110,00;        0,00;0916;1414;0458;0000;  93,7;  76,7;  17,0;  10,8;             2;          0;          0;
14-09-07;      1562;     288340;       1414;     2829,00;     2391,00;        0,00;      438,00;       39,64;        0,00;     2829,00;        0,00;1439;0054;1015;0000; 262,5; 148,9; 113,6;  15,4;            11;          0;          0;
14-09-09;      1563;     288340;       1414;     3882,00;     3404,00;        0,00;      478,00;        0,00;        0,00;     3882,00;        0,00;1219;0038;1219;0000; 295,5; 229,5;  66,0;  21,3;            15;          1;          1;
14-09-10;      1564;     625792;       1414;     3703,00;     3723,00;        0,00;      -20,00;       39,64;        0,00;     3703,00;        0,00;0538;1833;1255;0000; 204,6; 133,6;  71,0;  24,6;            16;          1;          0;
14-09-11;      1565;     625792;       1414;      590,00;      614,00;        0,00;      -24,00;        0,00;        0,00;      590,00;        0,00;0743;1103;0320;0000;  38,0;  20,9;  17,1;   8,4;             2;          0;          0;
14-09-11;      1566;     288340;       1414;     3675,00;     3259,00;        0,00;      416,00;        0,00;        0,00;     3675,00;        0,00;1333;0308;1335;0000; 226,2; 163,0;  63,2;   1,8;            16;          0;          0;
14-09-12;      1567;     625792;       1414;     2422,00;     1922,00;        0,00;      500,00;        0,00;        0,00;     2422,00;        0,00;0702;1544;0842;0000; 121,9;  87,2;  34,7;  10,8;             8;          0;          0;
14-09-12;      1568;     288340;       1414;     3704,00;     3598,00;        0,00;      106,00;       19,82;        0,00;     3704,00;        0,00;1602;0404;1202;0000; 186,9; 110,9;  76,0;   6,2;            19;          1;          0;
14-09-13;      1569;     625792;       1414;     1916,00;     1814,00;        0,00;      102,00;       25,48;        0,00;     1916,00;        0,00;0557;1203;0606;0000; 175,9; 136,4;  39,5;  23,4;             5;          1;          0;
14-09-13;      1570;     288340;       1414;     5301,00;     5034,00;        0,00;      267,00;        0,00;        0,00;     5301,00;        0,00;1343;0352;1409;0000; 318,8; 227,1;  91,7;  12,4;            20;          0;          0;
14-09-14;      1571;     288340;       1414;     4040,00;     3416,00;        0,00;      624,00;        0,00;        0,00;     4040,00;        0,00;1241;2243;1002;0000; 348,0; 252,3;  95,7;  13,5;            14;          1;          1;
14-09-01;      2416;     803111;       1514;     2895,00;     2334,00;        0,00;      561,00;        0,00;        0,00;     2895,00;        0,00;1358;0005;1007;0000; 223,7; 118,4; 105,3;  21,9;            12;          0;          0;
14-09-02;      2417;     803111;       1514;     3598,00;     3324,00;        0,00;      274,00;       45,30;        0,00;     3598,00;        0,00;1413;2247;0834;0000; 243,4; 163,9;  79,5;   3,8;            12;          0;          0;
14-09-03;      2418;     803111;       1514;     3546,00;     3065,00;        0,00;      481,00;       39,64;        0,00;     3546,00;        0,00;1316;0035;1119;0000; 251,0; 139,9; 111,1;   6,1;            12;          0;          0;
14-09-04;      2419;     657052;       1514;     2694,00;     2606,00;        0,00;       88,00;       63,23;        0,00;     2259,00;      435,00;0445;1505;1020;0000; 150,6; 121,2;  29,4;   7,1;            11;          0;          0;
14-09-04;      2420;     803111;       1514;     4208,00;     4326,00;        0,00;     -118,00;       39,64;        0,00;     4208,00;        0,00;1600;0454;1254;0001; 408,0; 220,5; 187,5;  23,5;            12;          0;          1;
14-09-05;      2421;     803111;       1514;     4334,00;     3963,00;        0,00;      371,00;       25,48;        0,00;     4334,00;        0,00;1613;0442;1229;0000; 401,2; 218,8; 182,4;  18,9;            19;          1;          1;
14-09-06;      2422;     803111;       1514;     4964,00;     4603,00;        0,00;      361,00;       25,48;        0,00;     4964,00;        0,00;1646;0404;1118;0000; 284,0; 203,4;  80,6;  52,5;            20;          1;          0;
14-09-13;      2423;     820200;       1514;     1632,00;     1493,00;        0,00;      139,00;        0,00;        0,00;     1632,00;        0,00;2132;0201;0429;0000;  87,7;  58,5;  29,2; 341,9;             7;          0;          0;
14-09-01;      1569;     819815;       1544;     3554,00;     2099,00;        0,00;     1455,00;       19,82;        0,00;     3554,00;        0,00;0417;1355;0938;0000; 335,8; 188,2; 147,6;  12,3;            11;          0;          0;
14-09-01;      1570;     819815;       1544;      520,00;      550,00;        0,00;      -30,00;        0,00;        0,00;      520,00;        0,00;1356;1546;0150;0000;  80,3;  42,3;  38,0;   0,0;             1;          0;          0;
14-09-01;      1571;     502769;       1544;     2397,00;     2445,00;        0,00;      -48,00;       50,96;        0,00;     2397,00;        0,00;1617;0033;0816;0000; 334,8; 163,3; 171,5;   9,5;             5;          0;          0;
14-09-02;      1572;     819815;       1544;     3331,00;     3343,00;        0,00;      -12,00;       19,82;        0,00;     3331,00;        0,00;0517;1548;1031;0000; 364,8; 204,3; 160,5;  10,2;             9;          1;          0;
14-09-02;      1573;     502769;       1544;     2243,00;     2243,00;        0,00;        0,00;       19,82;        0,00;     2243,00;        0,00;1740;0045;0705;0000; 309,1; 167,4; 141,7;  18,0;             4;          0;          0;
14-09-03;      1574;     819815;       1544;     3382,00;     2903,00;        0,00;      479,00;       63,23;        0,00;     3382,00;        0,00;0514;1556;1042;0000; 254,0; 128,8; 125,2;  25,9;            14;          0;          0;
14-09-03;      1575;     502769;       1544;     2952,00;     2952,00;        0,00;        0,00;       43,41;        0,00;     2952,00;        0,00;1627;0111;0844;0000; 381,9; 181,0; 200,9;   5,9;             8;          0;          0;
14-09-04;      1576;     819815;       1544;     3418,00;     3106,00;        0,00;      312,00;       65,12;        0,00;     3418,00;        0,00;0518;1558;1040;0000; 219,4; 151,1;  68,3;  14,5;            17;          1;          0;
14-09-04;      1577;     502769;       1544;     2901,00;     2901,00;        0,00;        0,00;      106,64;        0,00;     2901,00;        0,00;1700;0155;0855;0000; 291,6; 142,2; 149,4;  42,2;             8;          0;          1;
14-09-05;      1578;     819815;       1544;     3530,00;     3339,00;        0,00;      191,00;        0,00;        0,00;     3530,00;        0,00;0513;1532;1019;0000; 222,6; 152,8;  69,8;  23,7;            14;          0;          0;
14-09-05;      1579;     502769;       1544;     5725,00;     5774,00;        0,00;      -49,00;       45,30;        0,00;     5725,00;        0,00;1640;0434;1154;0000; 628,6; 361,4; 267,2;  12,0;            13;          0;          0;
14-09-06;      1580;     819815;       1544;     3903,00;     3933,00;        0,00;      -30,00;        0,00;        0,00;     3903,00;        0,00;0518;1547;1029;0000; 365,8; 300,4;  65,4;  41,2;             7;          0;          0;
14-09-06;      1581;     929069;       1544;     4838,00;     4771,00;        0,00;       67,00;        0,00;        0,00;     4838,00;        0,00;1641;0432;1151;0048; 255,8; 146,9; 108,9;   9,3;            21;          1;          0;
14-09-07;      1582;     929069;       1544;     3359,00;     3293,00;        0,00;       66,00;      161,36;        0,00;     3359,00;        0,00;1347;2239;0852;0000; 235,2; 136,8;  98,4;   6,0;            13;          1;          0;
14-09-08;      1583;     819815;       1544;     3012,00;     3045,00;        0,00;      -33,00;       79,28;        0,00;     3012,00;        0,00;0510;1555;1045;0000; 235,4; 159,6;  75,8;  15,9;            12;          1;          0;
14-09-08;      1584;     929069;       1544;     1368,00;     1368,00;        0,00;        0,00;       19,82;        0,00;     1368,00;        0,00;1644;2024;0340;0000;  61,7;  36,2;  25,5;  15,5;             4;          0;          0;
14-09-09;      1585;     819815;       1544;     3484,00;     3418,00;        0,00;       66,00;       59,46;        0,00;     3484,00;        0,00;0513;1536;1023;0000; 267,2; 185,4;  81,8;   0,0;            10;          1;          0;
14-09-09;      1586;     929069;       1544;      816,00;      826,00;        0,00;      -10,00;        0,00;        0,00;      816,00;        0,00;1601;2202;0601;0059; 159,6;  47,9; 111,7;  11,0;             4;          0;          0;
14-09-10;      1587;     819815;       1544;     3314,00;     2398,00;        0,00;      916,00;       79,28;        0,00;     3314,00;        0,00;0518;1527;1009;0000; 212,8; 170,8;  42,0;   7,2;            11;          0;          0;
14-09-10;      1588;     929069;       1544;      498,00;      337,00;        0,00;      161,00;       19,82;        0,00;      498,00;        0,00;1549;2319;0730;0000;  81,2;  10,0;  71,2;   6,8;             3;          0;          0;
14-09-11;      1589;     819815;       1544;     4174,00;     4145,00;        0,00;       29,00;       39,64;        0,00;     4174,00;        0,00;0454;1602;1108;0000; 230,6; 190,7;  39,9;   5,7;            13;          0;          0;
14-09-11;      1590;     929069;       1544;     3968,00;     4069,00;        0,00;     -101,00;       25,48;        0,00;     3968,00;        0,00;1637;0144;0907;0000; 403,7; 230,9; 172,8;  15,2;             9;          0;          0;
14-09-12;      1591;     819815;       1544;     3232,00;     3257,00;        0,00;      -25,00;       19,82;        0,00;     3232,00;        0,00;0535;1545;1010;0000; 221,8; 133,3;  88,5;   1,8;            14;          0;          0;
14-09-12;      1592;     929069;       1544;     4472,00;     3436,00;        0,00;     1036,00;        0,00;        0,00;     4472,00;        0,00;1558;0336;1138;0113; 313,1; 163,3; 149,8;   2,4;            18;          0;          0;
14-09-13;      1593;     819815;       1544;     3135,00;     2107,00;        0,00;     1028,00;        0,00;        0,00;     3135,00;        0,00;0400;1532;1132;0000; 285,8; 221,5;  64,3;   2,0;             8;          0;          0;
14-09-13;      1594;     929069;       1544;     5090,00;     3923,00;        0,00;     1167,00;        0,00;        0,00;     5090,00;        0,00;1923;0450;0927;0000; 283,7; 167,0; 116,7;   5,7;            22;          1;          0;
14-09-14;      1595;     929069;       1544;     1459,00;     1465,00;        0,00;       -6,00;       79,28;        0,00;     1459,00;        0,00;1352;1934;0542;0000;  90,0;  49,6;  40,4;  16,7;             7;          1;          0;
14-09-15;      1596;     819815;       1544;     3082,00;     2549,00;        0,00;      533,00;       59,46;        0,00;     3082,00;        0,00;0714;1646;0932;0000; 121,9;  90,6;  31,3;  27,3;            14;          0;          1;
14-09-01;      2396;     935316;       1587;     4330,00;     4391,00;        0,00;      -61,00;        0,00;        0,00;     4330,00;        0,00;0428;1610;1142;0000; 320,0; 198,7; 121,3;   6,2;            15;          0;          1;
14-09-02;      2397;     935316;       1587;     3762,00;     3815,00;        0,00;      -53,00;       59,46;        0,00;     3762,00;        0,00;0448;1521;1033;0000; 268,8; 187,3;  81,5;   9,1;            14;          0;          0;
14-09-02;      2398;     288340;       1587;     2214,00;     1631,00;        0,00;      583,00;        0,00;        0,00;     2214,00;        0,00;1608;0033;0825;0000; 154,9;  85,5;  69,4;  26,0;            13;          1;          0;
14-09-03;      2399;     935316;       1587;     3683,00;     3538,00;        0,00;      145,00;        0,00;        0,00;     3683,00;        0,00;0439;1518;1039;0000; 326,5; 247,2;  79,3;   7,9;            12;          0;          0;
14-09-03;      2400;     288340;       1587;     3647,00;     3147,00;        0,00;      500,00;        0,00;        0,00;     3647,00;        0,00;1543;0215;1032;0000; 271,2; 190,6;  80,6;  14,2;            14;          0;          0;
14-09-04;      2401;     935316;       1587;     3804,00;     3900,00;        0,00;      -96,00;       19,82;        0,00;     3804,00;        0,00;0509;1527;1018;0000; 304,8; 183,1; 121,7;  11,9;            11;          0;          0;
14-09-04;      2402;     288340;       1587;     2510,00;     2630,00;        0,00;     -120,00;        0,00;        0,00;     2510,00;        0,00;1708;0159;0851;0000; 152,1;  95,1;  57,0;   9,3;            11;          0;          0;
14-09-05;      2403;     288340;       1587;     3976,00;     2789,00;        0,00;     1187,00;        0,00;        0,00;     3976,00;        0,00;1250;0324;1434;0109; 265,3; 178,7;  86,6;  10,8;            17;          0;          1;
14-09-06;      2404;     502769;       1587;     4994,00;     4724,00;        0,00;      270,00;       19,82;        0,00;     4994,00;        0,00;1740;0445;1105;0000; 319,5; 188,4; 131,1;  18,3;            20;          0;          0;
14-09-07;      2405;     935316;       1587;     2628,00;     2528,00;        0,00;      100,00;        0,00;        0,00;     2628,00;        0,00;0518;1318;0800;0000; 206,2; 174,1;  32,1;  23,1;             5;          0;          0;
14-09-08;      2406;     935316;       1587;     4468,00;     4509,00;        0,00;      -41,00;       39,64;        0,00;     4468,00;        0,00;0449;1728;1239;0000; 350,1; 276,0;  74,1; 106,2;            13;          0;          0;
14-09-09;      2407;     935316;       1587;     3962,00;     3030,00;        0,00;      932,00;       39,64;        0,00;     3962,00;        0,00;0434;1700;1226;0000; 333,1; 218,7; 114,4;  14,2;            13;          0;          0;
14-09-10;      2408;     935316;       1587;     5114,00;     4430,00;        0,00;      684,00;       59,46;        0,00;     5114,00;        0,00;0436;1649;1213;0000; 317,0; 246,8;  70,2;  15,4;            17;          0;          0;
14-09-11;      2409;     935316;       1587;      495,00;      495,00;        0,00;        0,00;        0,00;        0,00;      495,00;        0,00;0449;0539;0050;0000;  44,0;  38,7;   5,3;  27,6;             1;          0;          0;
14-09-11;      2410;     935316;       1587;        0,00;        0,00;        0,00;        0,00;        0,00;        0,00;        0,00;        0,00;0543;0555;0012;0000;   0,3;   0,0;   0,3;   1,1;             1;          0;          0;
14-09-11;      2411;     935316;       1587;     2812,00;     2844,00;        0,00;      -32,00;       19,82;        0,00;     2812,00;        0,00;0559;1512;0913;0000; 166,3; 141,3;  25,0;   0,6;             9;          0;          0;
14-09-11;      2412;     502769;       1587;     3752,00;     3870,00;        0,00;     -118,00;        0,00;        0,00;     3752,00;        0,00;1614;0257;1043;0000; 421,0; 269,1; 151,9;  43,2;             8;          0;          0;
14-09-12;      2413;     935316;       1587;     3484,00;     3226,00;        0,00;      258,00;        0,00;        0,00;     3484,00;        0,00;0445;1515;1030;0000; 306,9; 241,2;  65,7;  40,7;            11;          1;          0;
14-09-12;      2414;     502769;       1587;     4939,00;     3895,00;        0,00;     1044,00;       94,37;        0,00;     4939,00;        0,00;1607;0409;1202;0000; 452,3; 240,7; 211,6;  11,7;            14;          0;          1;
14-09-13;      2415;     935316;       1587;     2479,00;     2361,00;        0,00;      118,00;        0,00;        0,00;     2479,00;        0,00;0443;1527;1044;0000; 187,0; 132,7;  54,3;  19,5;            13;          0;          0;
14-09-13;      2416;     502769;       1587;     4709,00;     3844,00;        0,00;      865,00;        0,00;        0,00;     4709,00;        0,00;1759;0449;1050;0000; 391,0; 243,6; 147,4;   7,4;            16;          0;          0;
14-09-14;      2417;     502769;       1587;     2895,00;     2701,00;        0,00;      194,00;        0,00;        0,00;     2895,00;        0,00;1705;0027;0722;0000; 414,9; 221,6; 193,3;  36,5;             7;          1;          0;
14-09-15;      2418;     935316;       1587;     3420,00;     3433,00;        0,00;      -13,00;       59,46;        0,00;     3420,00;        0,00;0449;1657;1208;0000; 261,0; 139,1; 121,9;  22,5;            13;          0;          0;
14-09-15;      2419;     502769;       1587;     3000,00;     3068,00;        0,00;      -68,00;       19,82;        0,00;     3000,00;        0,00;1733;0104;0731;0000; 417,8; 196,2; 221,6;  11,5;             7;          0;          0;
14-09-01;      1244;     820200;       2844;     2786,00;     2597,00;        0,00;      189,00;       23,59;        0,00;     2786,00;        0,00;1429;0000;0931;0000; 286,5; 160,8; 125,7;   3,7;            11;          1;          0;
14-09-02;      1245;     820200;       2844;     1645,00;     1665,00;        0,00;      -20,00;        0,00;        0,00;     1645,00;        0,00;1459;2205;0706;0000; 197,1; 121,4;  75,7;  20,6;             4;          0;          0;
14-09-03;      1246;     820200;       2844;     2367,00;     2367,00;        0,00;        0,00;       25,48;        0,00;     2367,00;        0,00;1501;0004;0903;0057; 329,0; 171,0; 158,0;   2,3;             5;          0;          0;
14-09-04;      1247;     820200;       2844;     1015,00;     1015,00;        0,00;        0,00;        0,00;        0,00;     1015,00;        0,00;1528;1927;0359;0000; 111,9;  83,9;  28,0;   2,1;             2;          0;          0;
14-09-05;      1248;     625792;       2844;     1235,00;     1237,00;        0,00;       -2,00;        0,00;        0,00;     1235,00;        0,00;0803;1352;0549;0000;  79,7;  46,6;  33,1;   9,5;             7;          0;          0;
14-09-05;      1249;     820200;       2844;     5191,00;     5070,00;        0,00;      121,00;       39,64;        0,00;     5191,00;        0,00;1456;0345;1249;0102; 441,0; 216,9; 224,1;  11,1;            13;          1;          0;
14-09-06;      1250;     820200;       2844;     5389,00;     5107,00;        0,00;      282,00;        0,00;        0,00;     5389,00;        0,00;1602;0414;1212;0112; 327,2; 224,0; 103,2;  58,0;            23;          1;          0;
14-09-08;      1251;     803111;       2844;     3211,00;     3271,00;        0,00;      -60,00;        0,00;        0,00;     3211,00;        0,00;1412;2149;0737;0000; 230,8; 197,6;  33,2; 103,8;             6;          0;          0;
14-09-09;      1252;     803111;       2844;     2732,00;     2255,00;        0,00;      477,00;        0,00;        0,00;     2732,00;        0,00;1243;2205;0922;0000; 249,2; 187,6;  61,6;   9,6;            11;          0;          1;
14-09-10;      1253;     496761;       2844;     2498,00;     2097,00;        0,00;      401,00;        0,00;        0,00;     2498,00;        0,00;0538;1606;1028;0000; 209,4; 165,8;  43,6;   0,9;             7;          0;          0;
14-09-11;      1254;     803111;       2844;     4068,00;     4138,00;       89,00;     -159,00;        0,00;        0,00;     4068,00;        0,00;1256;0114;1218;0000; 327,5; 182,2; 145,3;  13,3;            15;          0;          1;
14-09-12;      1255;     803111;       2844;     3790,00;     3843,00;      200,00;     -253,00;        0,00;        0,00;     3790,00;        0,00;1316;0230;1314;0024; 295,8; 191,9; 103,9;   3,8;            14;          1;          0;
14-09-13;      1256;     657052;       2844;     2306,00;     1694,00;        0,00;      612,00;        0,00;        0,00;     2306,00;        0,00;0556;1509;0913;0000; 247,9; 169,3;  78,6;  18,7;             5;          0;          0;
14-09-13;      1257;     803111;       2844;     4494,00;     4020,00;        0,00;      474,00;        0,00;        0,00;     4494,00;        0,00;1621;0415;1154;0000; 285,1; 185,7;  99,4;  45,2;            17;          0;          0;
14-09-14;      1258;     657052;       2844;     3346,00;     2522,00;        0,00;      824,00;       25,48;        0,00;     3346,00;        0,00;0600;1724;1124;0000; 320,5; 221,2;  99,3;  15,1;             8;          0;          0;
14-09-15;      1259;     496761;       2844;     2536,00;     2513,00;        0,00;       23,00;       19,82;        0,00;     2016,00;      520,00;0546;1744;1158;0000; 248,0; 177,5;  70,5;  23,7;             8;          0;          0;
































