11
020050700400100006800003000200008003040020500000600010002090000090000005704000900
120300000340000100005000000602400500000060070000008006004200300000070009000009080
003000000400080036008000100040060073000900000000002005004070068600000000700600500
120400300300010050006000100700090000040603000003002000500080700007000005000000098
000000003001005600090040070000009050700000008050402000080020090003500100600000000
000000039000001005003050800008090006070002000100400000009080050020000600400700000
003006080000100200000070004009008060030040001070200000300005000005000600980000050
120300000400000300003050000004200500000080009060005070001500200000090060000007008
120300000405000600070000020600100300004530000000008009000450100000000080000002007
000000012000000003002300400001800005060070800000009000008500000900040500470006000
120300004350000100004000000005400200600070000000008090003100500000009070000060008
