0 221 2 255 2  36 0  23 1  68 2  68 0 132 1  16 2 209 3 251 0  95 0 195 1 168 3 103 2 238 3 226  ROM 1
0  46 0 144 3 234 3 234 3 234 0 107 2 105 0 168 2 168 0 255 3 234 3 234 3 234 0  48 0 204 0 170 
1 168 0  67 1 211 0 204 0  48 0   0 0 131 1  68 0  68 0 187 2  68 0 159 2 132 3  11 0  46 0 144 
3  40 3 111 3 234 3 234 3 234 0  75 2 103 3 168 1 113 3 119 3 203 2 206 0 196 1 219 1  40 0  52 
2 206 3 117 1  46 2 250 1  22 3 106 3 131 1 186 3 155 3  54 3  76 3 155 0  28 1 234 0   2 1  51 
2 196 2 214 3 166 1  20 2  31 1 125 3 119 0 210 1 114 0 218 3 138 1 119 0 206 0  52 1 142 3  12 
1  42 1 138 1 186 1 163 0 170 1 122 1  95 1  76 3 170 1  20 1  11 3  42 0  42 3 221 1  10 2 206 
3  44 2  39 3 178 1 235 2 209 0 144 1  20 3 219 3 178 0 250 1 142 1 186 1 255 0 218 0 170 3  76 
1  22 1 106 2 126 1  59 2 118 2   3 0 202 3 221 2 214 1 158 3  44 2  79 0 142 1 238 0  76 1  18 
0  60 1 162 2  63 3 174 0 236 3 231 0 202 1 132 1 235 0 254 1 168 0  46 3 250 3 250 1 250 1 250 
0  74 2 143 3 174 3 166 1 166 2 159 3 174 2  38 0  74 2 251 2 142 3 234 0  14 2 251 2 163 2 246 
0 212 2 211 3 126 0 254 1 212 2 223 1  40 1 196 0 206 1 110 0 190 1 254 2  46 0  48 0 144 1 113 
1  68 3 119 2 206 1 158 2  36 3  63 1 250 2   4 1  84 3  55 1 234 3  27 0  40 0  20 3  31 0  36 
0  28 3  44 3  67 2  40 2  20 3  51 1  14 1 100 0 208 1  40 3 174 1 117 1 196 3 221 2 189 2  43 
2 214 0  28 0 172 1  23 3  12 2 238 2 246 3 226 3 226 0 140 0  60 3  98 3 191 0   2 3 171 3 226 
3  46 0  48 1   4 2 212 0 115 1 191 0 254 2 164 3  15 1 148 3 243 0  28 2 146 1 233 2 168 3 111 

3 207 3  46 0 161 1 168 0 161 1 168 2  84 0  39 3 174 1  84 0  75 0 222 2 153 1  40 2 149 2  97  ROM 2
0 149 1 168 2 153 2 148 3 107 2 238 3 226 1  38 3 166 1 106 2 146 1 186 0 103 2 210 1 234 0 119 
2 206 2 142 1  40 2  46 1   7 2  46 1  12 3 123 1  40 3 174 1 162 0 183 0 174 1 142 0 138 3  47 
1 142 0  84 0 151 2 148 1 183 1  84 0  87 0 254 3 190 0  55 2 146 3 126 0 235 1 254 3  50 1 210 
3  46 1  46 3  82 0 239 1 168 2 206 3 178 3  46 1  18 1  40 3 254 3 254 0 143 0 206 0  42 2 214 
2 201 1  98 1 168 3 174 1  12 2 145 1 140 2 109 2  12 2 109 0 140 2  24 2 140 2 109 2  57 2 109 
3  49 1  14 2 109 0 142 3  45 3  49 2 174 2 153 2  84 1 179 0 254 2  97 0 100 0 206 1  98 1 234 
0  84 2 151 2 153 3  49 2 174 2 149 3  49 2 174 2 174 2  85 2 174 3 173 3  49 2 140 2 113 2  57 
2  12 2 117 0 140 2  24 1 140 2 113 1  12 2 113 2 113 3  46 2  78 3  76 1  88 3 239 1 140 2  24 
1 152 1  88 0 152 1  24 2  88 0  84 3 107 0  48 2 238 3 226 0  16 1  16 1  14 2 150 2  46 2 135 
1 254 3  14 2 131 3 142 1  16 1  16 1  74 1  16 1 226 3  78 2 163 3 206 1  14 0  28 2  82 0  44 
2 167 0 183 1 226 3  22 2 203 3 150 1  22 0  28 0  44 2 207 0 183 0  28 3 150 3 111 0  16 1 122 
1 122 2 234 3  94 2 126 3  27 1  16 2   6 3  43 0 254 3  46 3  14 1  16 0 206 2 204 1 216 2  24 
1  88 0 216 2  88 2  24 0  88 1 152 0 216 1  88 3  12 0  48 0  16 3 138 3 123 1  98 1 254 0  44 
2 239 3 170 2 234 0  98 3 155 2 206 2  78 2  42 0 202 3  12 2 187 1  16 2 146 2 146 1 126 3 179 
1 210 3  18 2  50 0 142 3 126 3 187 3 178 1 168 0  30 0   7 1  14 3 178 1  40 2 146 1 126 2  62 

0  16 3  62 3 254 2  86 1  18 0  75 1 168 2 153 1 142 2  20 1  11 2 238 3  70 0   3 2 206 1 126  ROM 3
0   3 1 254 1  46 2  89 3  98 0  71 3  50 3 158 0   7 1 204 1 181 2  12 2 117 2  76 2 113 3 249 
2 140 2 113 1 245 2 204 2 113 3 125 2 113 2 229 2 113 3 217 3 174 1  78 0  26 0 191 1  78 3  46 
0  28 1  14 0 108 0 195 3 174 1 190 0 227 0 230 1 234 2 204 3  21 2  84 0  27 1  84 2  83 3 217 
2 157 2  83 3 217 3 177 2 229 2 204 2 109 3 125 2 140 2 109 1 245 2  76 2 109 3 249 2  12 2 109 
2 109 2 109 1 140 2 242 3  76 2  46 3 174 1 152 2  59 0 148 1 123 3 234 2 122 3  11 3  22 1 103 
3 150 1  14 1 106 1 115 2 206 0 210 3 170 1 190 1 179 3  46 3  14 0 238 2 206 2  46 0 206 1 102 
0 148 1 219 1  24 1 230 1 231 1 152 0 108 1 215 2  78 2  78 0 148 2  83 0  48 1 204 0 216 0 216 
0  24 2  24 1  88 0  24 2  88 3 171 2  89 3 226 1  46 1 126 2  27 2 210 3 174 1  22 3 174 3 126 
2  35 3  46 3 226 3  49 0 144 2 210 3 126 2  87 2 254 3 142 0  48 0 144 2 206 2  46 2 131 3 142 
1 126 2 127 3 174 1  22 3 174 1 183 0 204 1 202 1  94 2 175 0 190 3  38 2 238 3  44 3  23 0 102 
2 219 0  84 0   3 0 146 3 102 1 250 2  50 3 166 0 144 2  36 1 152 2  88 0 216 0  88 1  24 1 216 
0  88 3 155 3 230 1 147 3 142 1  98 3  19 2 206 0  60 3 108 3  23 1 234 2 254 3  12 0  46 2  98 
3  91 1  14 1 106 2 110 3  63 0 206 1  42 3 142 2 126 3  31 3 166 1 142 0  46 3  12 1 235 2  76 
0 216 0  88 0  24 0  88 1 216 2  88 2  24 0  24 1  88 1  88 0 216 3 119 3 174 1  46 1 134 2 186 
1 123 1 250 2 206 1 234 3 203 1 159 0 206 3  12 0 152 0 216 0  24 0 152 1  88 2   7 1  76 1 251
