2|202001|202002|202003|202004|202005|101497|202007|202008|202009|70616|101494|101501|202013|202014|101510|202016|202017|202018|202019|202020|202021|202022|202023|202024|202025|202026|202027|202028|202029|202030|202031|202032|202033|202034|202035|202036|202037|202038|202039|202040|202041|202042|202043|202044|202045|202046|202047|202048|202049|202050|202051
4|76910|121794|121795|121796|121797|121798|121799|121800|121801|121802|121803|121804|121805|121806|121807
68|156608|156609|156610|156611|156612|156613|156614|156615|156616|156617|156618|156619|156620|156621|156622|156623|156624|156625|156626|156627|156628|156629|301819
3|164952|164953|164954|164955|164956|164957|164958|164959|164960|164961|164962|164963|164964|164965|164966|164967|164968|164969|164970|164971|164972|164973
1296|119202|119203|119204|119205|119206
55|123858|123859|123860|123861|123862|123863|123864|123865|109782|123867|123868|123869|123870|123871|123872|123873|123874|123875|123876|123877|123878|123879|123880|123881|123882|123883|123884
1|12808|22927|104746|104747|104748|104749|104750|22935|12819|104753|104754|104755|104756|104757|22941|22950|104760|104761|104762|104763|22962|104765|104766|104767|22958|104769|104770|22967|104772|104773|104774|104775|104776|104777|104778|104779
110|67276|67277|67278|67279|67280|67281|67282|67283|67284|67285
5|216686|216687|216688|216689|216690|216691|216692|216693|216694|216695|216696|216697|216698|216699|216700|216701|216702|216703|216704|216705|216706|216707|216708|216709|216710|216711|216712|216713|216714
1154|355041|355042|355043|355044|355045|355046|355047|355048|355049|355050|355051|355052|355053|355054|355055|355056|355057|355058|355059|355060|355061
