2|194577|71214|97716|97703|97720|194582|194583|97713|97714|194586|194587|194588|194589|194590|194591|194592|194593|194594|194595|194596|194597|194598|194599|194600|194601|194602|194603|194604|194605|194606|194607|194608|194609|194610|194611|194612|194613
4|86904|113681|113682|113683|76958|113685|113686|113687|113688|113689|113690|113691|113692|113693|113694|113695|113696|113697|113698|113699
68|158088|158089|158090|158091|158092|158093|158094|158095|158096|158097|158098|158099|158100|158101|158102|158103|158104|158105|158106|158107|158108|158109
3|23090|23091|23092|23093|23094|23095|23096|23097|23098|23099|23100|23101|23102|23103|23104|23105|23106|23107|23108|23109|23110|23111|23112|23113|23114
55|238630|238631|238632|238633|238634|238635|238636|238637|238638|238639|238640|238641|238642|238643|238644|238645
1|20148|20149|12795|20151|20152|20153|20154|20155|12801|20157|20158|20159|20160|20161|20162|20163|20164|20165|20166|20167|20168|20169|20170|20171|20172|20173|20174|20175|20176|20177|20178|20179|20180|20181|20182|20183|20184|20185|20186
524|510704
465|157586|157587|157588|157589|157590|157591|157592|157593|157594|157595|157597|157598|157599|157600|157601|157602|157603|157604|157605|157606|157607|157608|157609|157610
110|150572|150566|281164|281165|150589|281167|150622|281169|281170|281171|281190|281191|281172
5|217468|217469|217470|217471|217472|217473|217474|217475|217476|217477|217478|217479|217480|217481|217482
150|313160|313159|313158|313157|313156|313155|313154|313153|313152|313151|313150
