2|208812|208813|70623|208815|97094|208817|97076|208819|208820|208821|208822|208823|208824|97081|208826|208827|208828|208829|208830|208831|208832|97097|208834|208835|208836|208837|208838|208839|208840|208841|208842|208843|208844|208845|208846|208847|208848|208849|208850|208851|208852|208853|208854|97089|208856|208857|208858|208859|208860|208861|208862|208863|97100|208865|208866|208867|208868|208869|208870|208871|208872|208873|208874|208875
4|86918|171603|171605|84852|171607|86915|171609|76923|171611|171612|171613|171614|171615|171616|171617|171618|171619|171620|171621
532|193425|193426|193427
68|163418|163419|163420|163421|163422|341405|163424|163425|163426|163427|163428|163429|163430|163431|163432|163433|163434|163435|163436
3|254445|254446|254447|254448|254449|254450|254451|254452|254453|254454|254455|254456|350746|254457|254458|254459|350750|254460|350752|353399|254461|350754|254462|254463|254464|254465|254466
1296|512542
55|239379|239380|239381|248158|239382|239383|239384|239385|239386|239387|239388|239389|239390|239391|239392|239393|239394|239395|239396|239397|239398
1|25469|22863|12793|25472|22868|22882|25475|22872|25477|25478|25479|25480|25481|22891|25483|25484|25485|25486|25488|22887|25490|25491|25492|25493|25494|25495|25496|25497|25498|25499|25500|25501|25502|12818|25504
110|150494|166338|166339|150540|150484|166343|166347|166348|166351|166352|166353|493661|166354|166355|166356|166357|166358|166359|166360|166361|166364
5|217243|217244|217245|217246|217247|217248|217249|217250|217251|217252|217253|217254|217255|217256|217257|217258|217259|217260|217261|217262|217263|217264|217265
1407|515642|515643|515644|515645
