2|180052|180053|180054|180055|71210|180057|180058|180059|180060|180061|180062|180063|101500|101495|180066|180067|180068|180069|180070|101507|180072|180073|180074|180075|180076|101503|101490|180079|180080|180081|180082|180083|180084|422315|180086|180087|180088|180089|180090|180091|180092|180093|101502|180095|180098|180097|180100|180099|180102|180101|180104|180103|180106|180105|180108|180107|180110|180109
4|8556|113309|113310|113311|113312|76920|113314|113315|113316|113317|76947|113319|113320|113321|113322|113323|113324|113325|113326|76952|113328|113329|113330|113331|113332|113333|113334|113335|113336|113337
532|513846|513847
68|154747|154748|154749|154750|154751|154752|154753|154754|154755|154756|154757|154758|154759|154760|154761|154762|154763|154764|154765|154766|154767|154768|154769
1140|480110|480116|480144|506253|506267|506256
3|246456|246457|246458|246459|246460|246461|246462|246463|246464|246465|246466|246467|246468|246469|246470|246471|246472|246473|246474|246475|246476|246477|246478|246479|508489
1296|123035|123036|123037|123038
55|105686|105687|105688|105689|105690|105691|105692|105693|105694|105695|105696|105697|105698|105699|105700|105701|105702|105703
1|20194|12797|20196|20197|20198|12812|20200|20201|20202|20203|20204|20205|20206|20207|20208|20209|20210|20211|20212|20213|20214|20215|20216|20217|20218|20219|20220|20221|20222|20223|20224|20225|20226|20227|20228|20229|20230|20231|20232|20233|20234|20235|20236|20237|20238|20239|20240|20241|20242|20243|20244|20245|20246|20247
110|150582|158638|158648|150612|158641|158644|158650|150604|158633|158635|150630|150599|158637|158647|158640|158636|158646|158634|158645|158649|158639
5|217886|217887|217888|217889|217890|217891|217893|217894|217895|217896|217897|217898|217899|217900|217901|217902|217903|217904|217905|217906|217907|217908|217909|217910|217911|217912|217913|217914|217915
