2|194882|194883|194884|194885|96778|194887|194888|96787|194890|71216|194892|96785|194894|194895|96798|194897|96788|194899|194900|194901|71223|194903|194904|194905|194906|194907|194908|194909|194910|194911|194912|194913|194914|96781|194916|194917|194918|194919|194920|194921|194922|96793|194924|194925|194926|194927|180085|194929|96782|194931|194932|194933|194934|194935|194936|194937|194938
4|76907|121193|121194|76943|76931|121197|121198|121199|76953|121201|121202|121203|121204|121205|121206|76950|121208|121209|121210|121211|121212|121213|121214|121215|121216|121217|121218|121219|121220|121221|121222|121223
122|317760|317761|317762|317763|317764|317765|317766|317767|317768|317769|317770|317771|317772|317773|317774|317775|317776|317777|317778|317779|317780|317781|317782|317783|317784|317785|317786|317787|317788
532|513849|513850|513851
28|200346|200347|200348|200349|200350|200351|200352|200353|200354|200355|200356|200357|200358|200359|200360|200361|200362|200363
68|162434|162435|162436|162437|162438|162439|162440|162441|162442|162443|162444|162445|162446|162447|162448|162449|162450|162451|162452|162453
3|49179|254116|254117|254118|254119|254120|254121|254122|254123|254124|254125|254126|254127|254128|254129|254130|254131|254132|254133|254134|254135|254136|254137|254138|254139|254140|254141|254142|254143|254144
1296|128562|129919|298171|200918
55|105276|105277|105278|105279|105280|105281|105282|105283|105284|105285|105286|105287|105288|105289|105290|105291|105292|105293|105294|105295|105296
1|17756|17757|12802|12783|17760|12809|17762|17763|12810|17765|17766|17767|17768|17769|17770|17771|17772|17773|17774|17775|17776|17777|17778|17779|17780|17781|17782|17783|17784|17785|17786|17787|17788|17789|17790|17791|17792|17793|17794|17795|17796|17797|17798|17799|17800
110|77813|77814|77815|77816|77817|77818|77819|77820|77821|77822|77823|77824|77825|77826|77827|77828|77829|77830|77831|77832|77833|77834|77835|77836
5|183056|183057|183058|183059|183060|183061|183062|183063|183064|183065|183066|183067|183068|183069|183070|183071|183072|183074|183075|183076|183077|183073
