2|87844|70703|88233|70466|88235|88722|88723|88724|88725|88726|88727|88728|90254|90255|90256|90257|90258|90259|71227|90261|90262|90263|90264|90265|90266|90267|90268|90269|90270|90271|90272|90273|90274|90275|90276|90277|90278|90279|90280|90281|90282|90283|90284|90285|90286|90287|90288|91091|91092|91093|91094|91095|91096|91097|91098|91099|91100|91101|91102|91103|91104|91105|91106|91107|92103|91108|91109|91110|91111|91112
4|124398|76922|145725|145726|145727|145728|145729|145730|145731|145732|145733|145734|145735|145736|145737|145738|145739
1374|415139
68|149434|149435|149436|149437|149438|149439|149440|149441|149442|149443|149444|149445|149446|149447|149448|149449|149450|149451|149452|149453|149454|149455|149456|149457|149458|149459
3|13956|13957|13958|13959|13960|13961|13962|13963|13964|13965|13966|13967|13968|13969|13970|13971|13972|13973|13974|13975|13976|13977|13978|13979
1296|128563|200897
55|278484|278485|278486|278487|278488|278489|278490|278491|278492|278493|278494|278495|278496|278497|278498|278499|278500|249269|278501|278502|278503|278504|278505|278506|278507|278508|278509|278510
1|12798|12814|17646|17647|17648|17649|17650|17651|17652|17653|17654|17655|17656|17657|17658|17659|17660|17661|17662|17663|17664|17665|17666|17667|17668|17669|17670|17671
110|67061|67062|67063|67064|67065|67066|67067|67068|67069|67070|67071|67072|67073|67074|67075|67076|67077|67078|67079|67080|67081|67082|67083|67085|67086|67087|67088|67089
711|344211|343154|343155|343156|343157|343158|343159|343160|343161|343162|343163|343164|344814|344815|344816|317509|344162|344163|344164|344165|344166|344167|344168|344169|344170|344171|344172|344173|344174|344175|344176|344177|344178|344179|344180|344181|344182|344183|344184|315711|344186|344187|344188|344189|344190|344191|344192|344193|344194|344195|344196|344197|344198|344199|344200|344201|344202|344203|344204|344205|344206|344207|344208|344209|344210
5|179876|179877|179878|179879|179880|179881|179882|179883|179884|179885|179886|179887|179888|179889|179890|179891|179892|179893|179894|179895|179896|179897|179898|179899|179900|179901|179902|179903|179904|179905|179906|179907|179908|179909|179910|179911|179912|179913|179914|179915
