2|96776|71218|70463|147167|96796|147169|96786|147171|147172|147175|147174|147177|147176|96791|96792|147181|147180|147183|147182|147185|147184|147187|147186|147189|147188|147191|147190|147193|147192|147195|147194|147197|147196|147199|147198|147201|147200|96779|147202|147205|147204|147207|147206|147211|147208|147213|147210|147215|147212|147217|147214|147219|147216|147221|147218|147223|147220|147222|147224|147225
4|124332|76934|124335|150870|150872|37596|150874|150875|150876|76946|150879|150880|150881|150882|76949|124337|150885|150886
1272|243255|243256|243257|243258|243259|243260|243261|243262|243263|243264|243266|243267|243268
68|162111|162112|162113|162114|162115|162116|162117|162118|162119|162120|162121|162122|162123|162124|162125|162126|162127|162128|162129|162130|162131
3|260896|262022|262023|262024|262025|262026|262027|262028|262029|262030|262031|262032|262033|262034|348276|262035|262036|262037|262038|262039|262484|262485|262486|262487|262488|262489|262490|262491|262492|262493|262494|262495|262496|262497|262498|262499|262500|262501
55|237384|237385|237386|237387|237388|237389|237390|237391|237393|237394|237395|237396|237397|237673|237399|237400
1|22826|12787|22833|22830|107054|107055|12811|107057|107058|107059|107060|22839|107062|22835|107064|107065|107066|107067|107068|107069|107070|107071|22842|107073|107074|107075|107076|107077|107078|107079|107080|107081|107082|107083|107084|107086|107087|107088|107089|107090|107091
131|274981|274982|274983|274984|274985|274986|274987|274988|274989|274990|274991|274992|274993|274994|274995|274996|274997|274998|274999|275000|275001|275002
110|127651|127652|127653|127654|127655|127656|127657|127658|127659|127660|127661|127662|127663|127664|127665|127666|127667|127668|127669|127670|127671|127672|127673|127674|127675|127676|127677
5|182448|182449|182450|182451|182452|182453|182454|182455|182457|182458|182459|182460|182461|182462|182463|182464|182465|182466|182467|182468|182469|182470
