2|71225|146350|97712|146352|146353|146354|146355|146356|146357|146358|146359|97700|146361|146362|146363|146364|146365|146366|146367|146368|146369|146370
4|332398|332399|76933|332401|122866|76956|332404|332405|332406|332407|332408|332409|332410|332411|332412|332413|332414|332415|332416|332417|332418|332419|332420|332421|332422|332423|332424|332425|332426|332427|332428|332429|332430|332431|332432|332433|332434|332435|332436|332437|8526|332439|332440|332441|332442|332443|332444
532|513848
68|186705|186706|186707|186709|186710|186711|186712|186713|186714|186716|186717|186718|186719|186720|186721|186722|186723|186724|186725|186726|186727|186728
3|34040|34041|34042|34043|34044|34045|34046|34047|34048|34049|34050|34051|34052|34053|34054|34055|34056|34057|34058|34059|34060|34061|34062|34063|217829|34064|217828|217830|217831|217832|217833|217834|217835|34065|34066
55|113277|113278|113279|113280|113281|113282|113283|113284|113285|113286|113287|113288|113289|113290|113291
1|17672|12796|17674|17675|17676|17677|17678|17679|17680|17681|17682|17683|17684|17685|17686|17687|17688|17689|17690|17691|17692|17693|17694|17695|17696|17697|17698|17699|17700|17701|17702|17703|17704|17705|17706|17707|17708|17709|17710|17711|17712|17713
1419|513743|513744|513745|515394|515395|515396
110|127620|127621|127622|127623|127624|127625|127626|127627|127628
5|182149|182150|182151|182152|182153
