2|223722|100784|223724|100792|223726|223727|223728|223729|223730|223731|223732|223733|223734|223735|223736|223737|223738|70614|223740|223741|223742|223743|223744|223745|223749|100786|223751|223750|223753|223752|223759|223754|223761|223756|223765|223760|223767|223764|223769|223766|223771|223770|223773|223774|223775|502838|223777|223776|223779|223778|512155
4|119182|119183|119184|119185|119186|119187|119188|119189|76932|119191|119192|119193|119194|119195|119196|119197|119198|119199|119200|119201
532|513830
68|149183|149184|149185|149186|149187|149188|149189|149190|149191|149192|149193|149194|149195|149196|149197|149198|149199|149200|149201|149202|149203|149204|149205|149206|149207|149208|149209|149210|149211|149212|149213|149214|149215|149216
3|139814|139815|139816|139817|139818|139819|139820|139821|139822|139823|139824|139825|139826|139827|139828|139829|139830|139831|139832|139833|139834|139835|139836|139837|139838|139839|139840|139841|139842|139843|139844|139845|139846|139847|139848|139849|139850|139851|139852|139853|139854|139855|139856|139857|139858|139859|139860|139861|139862
1296|164277|164278|164279|164280|164281|124845|165764|164283|164284|164285|164286|164287
55|106614|106615|106616|106617|106618|106619|106620|106621|106622|106623|106624|106625|106626|106627|106628
1|20633|20634|20635|12779|20637|20638|20639|20640|20641|12817|20643|20644|20645|20646|20647|20648|20649|20650|20651|20652|20653|20654|20655|20656|20657|20658|20659|20660|20661|20662|20663|20664|20665|20666|20667|20668|20669|20670|20671|20672|20673|20674|20675|20676|20677|20678|20680|20681|20682|20683|20684
46|382806|382807|382808|382809|382810|382811|382812|382813|382814|382815|382816|382817|382818|382819|382822|382820|382821
110|67176|67177|67178|67179|67180|67181|67182|67183|67184|67185|67186|67187|67188
5|212314|212315|212316|212317|212318|212319|212320|212321|212322|212323|212324|212325|212326|212327|212328|212329|212330|212331|212332|212333|212334
