2|4366|4367|4368|4369|4370|4371|4372|4373|4374|4377|4376|4379|4378|4381|4380|4383|4382|4385|4384|4387|4386|4389|4388|4391|4390|4393|4392|4395|4394|4396|4397|4398|4399|4400|4401|4402|4403|4404|4405|4406|4407|4408|4409|4410|4411|4412|4413|4414|4415|4416|4417|4418|4419|4420|4421|4422|4423|4182|4425|4426|4427|4428|4429|4430|4431|4432|4433|4434|4435|4436|4437|4438|4439|4440|4441|4442|4443|4444|4445|4446|4447|4448|4449|4450|4451|4452|4453|4454|4455|4456|4457|4184|4459|4460|4461|4192|4209|4464|4221|4466|4467|4200|4469|4470|4471|4472|4473|4474|4475|4476|4477|4478|4479|4480|4481|4482|4483|4484|4485|4486|4487|4488|4489|4490|4491|4492|4493|4494|4495|4496|4188|4189|4499|4195|4501|4211|4503|4227|4505|4506|4194|4508|4509|4510|4511|4512|4513|4514|4208|4516|4204|4518|4519|4520|4521|4522|4523|4524|4525|4526|4527|4528|4529|4530|4288|4289|4290|4225|4292|4293|4294|4295|4296|4297|4298|4299|4302|4217|4304|4303|4306|4305|4308|4307|4310|4309|4312|4219|4314|4313|4316|4315|4318|4317|4320|4319|4322|4321|4324|4323|4326|4325|515640
4|212892|175147|212894|212895|212896|175140|175120|175122|212900|175142|175116|175123|212904|212905|175114|212907|212908|212909|212910|212911|212912|213903|175135|175119|213907|213908|213910|213911|175138|213913|175129|175132|175134|175130|175144|215188|175124|175112|215191|248507|248508|248509|248510|248511|248512|248513|175127|175125|175136|175133|248553|248554|248555|175117|175137|248558|248592|248593|175126|248595|248596
1318|508768
1150|365283
1136|471751
532|30688|30689|30690|30691|30692|30693|30694|30695|30696|30697|30698|30699|30700|30701|30702|30703|30704|30705|30706|30707|30708|30709|30710|30711|30712
1317|205527|515097
1156|415681|415682
1374|415131|415135|415136|415143|415144|415145|515772|515936
1416|513155
68|312912|313926|215614|312924|215621|312922|313931|312911|312929|313934|312930|313936|313937|313938|313939|313940|313941|313942|312915|313944|313945|313946|313947|313948|312921|313950|313951|312928|312926|313954|312935|313956|313957|313958|31805|312933|312934|312927|205312|312931|314396|314647|515807
1140|480115|489528|480205|480142
1011|132424
3|277002|264782|264777|277005|277006|277007|277008|277009|277010|277011|277012|277013|277014|277015|277016|265972|277063|277064|277065|265974|277067|277068|277069|265978|264780|277284|264788|277286|277287|49195|266200|266199|277291|277292|266207|266201|278949|278950|264801|264787|279821|266206|279823|266203|279825|266208|279827|279828|280707|280708|280709|49161|280711|264778|280713|280714|271026|280716|280717|377233|280718|271028|271029|280721|280722|280723|280724|280725|281795|377735|264794|281797|281799|271051|281801|281802|281803|271046|281805|271050|271049|281808|281809|281810|281811|265967|264485|282465|282466|282467|282468|282469|282470|282471|282472|282473|282474|282475|282749|282750|282751|282752|282753|282754|271065|282756|282757|283358|283359|283360|49160|283362|271096|283364|283365|283366|271094|283368|283369|283370|271089|283372|271093|283374|377680|283375|271097|271091|515777
1296|128128|128129|128130|128131|128132|128133|128134|128135|128136|128137|128138|128139|128140|128141|128142|128143|169239|169240|128574|169241|201156|515807
55|103068|103069|103070|103071|103072|103073|103074|103075|103076|103077|103078|103079|103080|103081|103082|103083|103502|103503|103504|103505|103506|103507|103508|103509|103510|103511|103512|103513|103084|103515|103840|103841|103842|103843|103844|103847|103848|103086|103085|103852|103853|104334|104336|104337|104338|104339|104340|104341|104343|104345|104347|109210|109211|109212|109213|109214|109215|109287|109288|109289|109290|109291|109292|109294|109295|109298|103087|103088|103089|103090|103091|103092|103093|103094|103097|103096|493766
1|20381|20382|20383|20384|20385|20386|20387|20388|20389|20390|20391|20392|13871|20394|13865|20396|20397|20398|20399|20400|20401|20402|20403|20404|20405|20406|20407|20408|20409|20410|20411|20412|20414|20415|20416|20417|20418|13864|20420|20421|13849|20423|20424|13862|20426|20427|20428|20429|20430|20431|20432|20433|20434|20435|20436|13853|20438|20440|20441|20442|20443|20444|20445|20446|20447|20448|20449|20450|20451|20452|20453|20454|20455|20456|20457|20458|20459|13856|20461|20462|20463|20464|20465|20466|20467|13870|20469|20470|20471|20472|20473|20474|20475|20476|20477|20478|20480|20481|13838|20483|20484|20485|13844|20487|20488|20489|20490|20491|13863|20493|20494|20495|20496|13850|20498|20499|20500|20501|20502|13860|20504|20505|20506|20507|20508|20509|20510|20511|20512|20513|20514|20573|20574|20575|13842|20577|20578|20579|13866|13852|20582|13855|20584|20585|20587|20588|20589|20590|20591|20592|20593|13869|20595|20596|20597|20598|20599|515807
524|411620|411621|411622|411623|411624|411625|411626|411627
1346|492906|492907
555|513510|513964
110|263951|263952|263953|263954|263955|263956|263957|263958|263959|263960|263961|263962|263963|263964|263965|263966|263967|263968|263969|263970|263971|263972|263973|263974|263975|263976|263977|263978|263979|263980|263981|263982|263983|263984|263985|263986|263987|263988|263989|263990|263991|263992|263993|263994|263995|4167|4162|5221|515807
1349|11826
5|236557|219006|218990|236560|236561|236562|218986|236564|218996|236566|218998|236568|236569|236570|236571|236572|219004|236574|236575|236576|236577|236578|236579|236580|236581|236582|236583|236584|236585|236586|236587|236588|236589|236590|236591|236592|236593
