2|194376|96627|70467|194379|194380|194381|194382|70619|194384|194385|194386|194387|71215|194389|194390|96635|194392|194393|194394|194395|96646|194397|194398|194399|194400|194401|194402|96633|194404|194405|194406|194407|194408|194409|194410|194411|194412|194413|194414|194415|464017|194417|194418|194419|96626|194421|194422|194423|194424|194425|194426|194427|194428|194429|194430|194431|194432|194433|194434|194435|194436|194437|194438|194439|194440|96647
4|76916|118541|118542|76912|118544|118545|118546|118547|118548|118549|118550|118551|118552|118553|118554|118555|118556|8496|118558|118559|118560|118561|118562|118563|118564|118565|118566|118567|118568|118569
1150|515773
532|515968
68|155953|31806|155955|155956|155957|155958|155959|155960|155961|155962|155963|155964|155965|155966|155967|155968|155969|155970|155971|155972|155973|155974|155975
1140|480137|513469|513470|513471|513472|513473|513474|513475|513476|513477|513478|513479|513480|513481|513482|513483|513740
1011|515805
3|37431|37432|37433|37434|2244|37436|423215|37439|37440|37441|37442|37443|37444|37445|37446|37447|37448|37449|37450|37451|37452
55|244180|244181|244182|244184|244183|244185|244186|244188|244189|244190|244191|244192|244193|244194|244195|244197|244198|244201|244200|244203|244202|244205|244204|498413|244187
1|20600|20601|20602|20603|20604|20605|103569|20606|20607|20608|12820|20610|20611|20612|20613|20614|20615|20616|20617|20618|20619|20620|20621|20622|20623|20624|20625|20626|20627|20628|20629|20630|20631|20632
1385|505863|505864
1151|9841|113293|113294|113301|113295|392646|343173|113296|113297|343177|113305|344064|113306|351926|113299|113300|219700|113304|113303|113307|257450
110|67217|4161|67219|67220|67221|67222|67223|67224|67225|67226|67227|67228|67229|67230|67231|67232|67233|67235|67236|67237|67239|67241|67243
5|215518|215519|215520|215521|215522|215523|215524|215525|215526|215527|215528|215529|215530|215531|215532|215533|215534|215535|215536|215537|215538|215539|215540|215541|215542|215543|215544|215545|215546|215547|215548|215549|215550|215551|215552|215553|215554|215555|215556|215557|215558|215559|215560|215561|215562
