2|97078|97087|349329|349330|97092|349332|349333|349334|349335|349336|349337|97083|349339|349340|97084|349342|349343|349344|349345|349346|349347|71211|349349|349350|349351|349352|349353|349354|349355|70624|349357|349358|349359|97079|349361|349362|349363|349364|349365|349366|349367|349368|349371|349370|349373|349372|349375|349374|349377|349376|349379|349378|349381|349380|349383|349382|349385|349384|349386
4|86913|86902|86929|76911|120799|76944|120801|120802|86932|120804|120805|120806|86928|76957|120809|120810|120811|120812|120813|86916|120815|120816|120817|120818|120819|86927|120821|120822|120823|120824
532|513855|513856|513857|513858|513859|513860|513861|513862
1374|415141
68|149742|149743|149744|149745|149746|149747|149748|149749|149750|149751|149752|149753|149754|149755|149756|149757|149758|149759|149760|149761|149762|149763|149764|149765|149766|149767|149768|149769
3|13872|13873|13874|13875|13876|13877|13878|13879|13880|13881|13883|13884|13885|13886|13887|13888|13889|13890|13891|13892|13893|13894|13895|13896|13897|13898|13899|13900|13901|13902|13903|13904|13905|13906|13907|13908|13909|13910|13911|13912|13913|13914
1296|125942|125943|125944|125945|125946|125947|125948|125949
55|247571|247572|247573|247574|247575|247576|247577|247578|247579|247580|247581|247582|247583|247584|247585|247586|247587|247588|247589|247590|247591|247592|247593|247594|247595|247596|247597|247598|247599|348877|247600|247601
1|18301|18302|18303|18304|12799|12794|18307|18308|18309|18310|18311|18312|18313|18314|18315|18316|18317|18318|18319|18320|18321|18322|12792|18324|18325|18326|18327|18350|18328|18329|18330|18331|18332|18333|18334|18335|18336|18337|18338|18339|18354|18340|18341|18342|18343|18344|18345|18346|18347|18348|18351|18352|18353|18349
543|364665|364666|364667|364668|364669|364670|364671|364672|364673|364674|364675|364676|364677|364678|364679|364680|364681|364682|364683|364684|364685|364686|364687|364688
110|67091|67092|67093|67094|67095|67096|67097|67098|67099|67100|67101|67102|67103|67104|67105|67106|67107|67108
1349|11827
5|196627|196628|196629|196630|196631|196632|315835|196633|196634|196635|196636|196637|196638|196639|196640|218985|332354|196641|196642|196643|196644|196645|332360|196646|196647|196648|196649|196650|196651|196652|196653
