2|193569|193570|100797|100782|100800|193574|193575|193576|193577|100780|193579|193580|100791|71213|193583|70465|193585|71221|193587|193588|193589|100796|193591|193592|193593|193594|193595|193596|193597|193598|193599|193600|193601|193602|193603|193604|193605|193606|193607|193608|193609|193610|193611|193612|100779|193614|193615|193616|193617|193618|193619|193620|193621|193622|193623|193624|193627|193626|193629|193628
4|86903|142931|142932|142933|123854|76951|142937|142939|142940|142942|142943|142944|142945|142946|142947|142948|142949|142950|142951|142952|142953|142954|142956|142957
532|513852|513853|513854
68|157087|157088|157089|157090|157091|157092|157093|157094|157095|157097|157098|157099|157100|157101|157102|157103|157104|157105|157106|157107|157108|157109|157110
3|192035|49169|218225|218226|218227|218228|218229|218230|218231|218232|218233|218234|218235|218236|218237|218238|218239|218240|218241|218242|218243|218244|218245|218246|218247|218248|218249|218250|218251|238897|218252
55|113338|77406|113340|113341|113342|113343|113344|113345|113346|113347|113348|113349|113350|113351|113352|113353|113354|113355
1|22973|12789|22976|23602|23603|22978|23605|23606|22985|23608|22982|23610|23611|23612|23613|22994|23615|23616|23617|23618|23619|101811|23620|22989|23622|22991|23624|23625|23626|23627|23628|23629|23630
1348|220214|220216|220217|220349|220350|273623|220351|220352|220353|220368|220371|220354|220357|220356|220360|220358|220359|220361|220355|220362|270749|339278|220363|220364|220365|220366|220367|270791|259944|220373
110|67198|67199|67200|67201|67202|67203|67204|67205|67206|67207|67208|67209|67210|67211|67212
5|213657|213658|213659|213660|213661|213662|213663|213664|213665|213666|213667|213668|213669|213670|213671|213672|213673|213674|213675|213676|213677|213678|213679|213680|213681|213682|213683|213684|213685|213686|213687|213688|213689|213690|213691|213692|213693|213694|213695
