2|156794|156795|156796|71217|156798|156799|71208|156801|156802|70622|100795|156805|100789|156807|100785|156809|156810|156811|156812|156813|100787|100790|156816|156817|156818|156819|156820|156821|100783|156823|156824|156825|156826|156827|156828|156829|156830|156831|156832|156833|156834|156835|156836|156837|156838|156839|100793|156841|156842|156843|156844|156845|156846|156847|156848|156849|156850|156851|156852|156853|156854
1105|413245|413246|413247|413248|413249|413250|413251|413252|413253
4|76927|76913|76940|77999|78000|78001|76945|78003|78004|78005|78006|78007|78008|78009|78010|78011|78012|78013|78014|78015|78016
532|513812|513813
68|155026|155027|155028|155029|155030|155031|155032|155033|155034|155035|155036|155037|155038|155039|155040|155041|155042|155043|155044
3|219201|219202|219203|219204|219205|219206|219207|219208|219209|219210|219211|219212|219213|219214|219215|219216|219248|219249|219250|219251|219252|219253|219254|219255|219256|219257|219259|219260|219261|219262|219263|219264|219265|219266|219267
55|111573|111574|111575|111576|111577|111578|111579|111580|111581|111582|111583|111584|111585|111586|111587|111588|111589|111590|111591|111592|111593|111594|111595|111596|111597|111598|111599|111600|111601|111602|111603|111604|111605
1|22971|24965|22980|22986|22974|24969|12780|24971|12784|22990|24974|22987|22977|22983|24978|24979|24980|24981|24982|24983|24984|24985|24986|22997|24988|24989|24990|23001|22995|24993|24994|24995|24996|24997|24998|24999|22999|25001|25002|25003|25004|25005|25006|25007|25008|25009|25010|25011|25012|25013|25014|25015|25016|25017|25018
1286|2879|270294|270295|270296|8034|270298|270299|297320|270300|2880|8035|285895|315955
110|67189|67190|67191|67192|67193|67194|67195|67196|67197|215414
5|211815|211816|211817|211818|211819|211820|211821|211822|211823|211824|211825|211826|211827|211828|211829|211830|211831|211832|211833|211834|211835|211836|211837|211838|211839|211840|211841|211842|211843|211844|211845|211846|211847|211848|211849|211850|211851|211852|211853
