2|97082|147962|147963|147964|97088|147966|147967|97093|147969|148262|147970|147971|147972|147973|147974|147975|147976|97101|147978|147979|147980|147981|147982|147983|147984|147985|147986|147987|147988|147989|147990|147991|147992|147993|147994|147995|147996|147997|147998|147999|148000|148001|148002|148003|70615|148005|148006|148007|148008|148009|148010
4|76914|86911|86917|110742|110743|110744|86923|110746|110747|110748|110749|110750|86920|110752|110753|110754|110755|110756|110757|110758|110759|110761|110762|86926|110764|110765|110766|110767|110768|110769|110770|110771|110772|110773|110774|110775|76909
1150|515775
68|162861|162862|162863|162864|162865|162866|162867|162868|162869|162870|162871|162872|162873|162874|162875|162876|162877|162878|162879|162880|162881|162882|162883|162884
3|49187|290234|293433|293437|349824|349825|349826|293430|349828|293441|349830|264802|349832|349833|349834|349835|349836|349837|349838|349839|349840|349841|349842|349843|349844|293447|293449|349847|49149|293443
19|219917|40170|219919|219920|219921|219922|219923|219924|219925|219926|219927|219928|219929|219930|219931|219932|219933|219934|219935|219936|219937|219938|219939|219940|219941|219942|219943|219944|219945|219946
55|249259|249272|335293|335294|335295|335296|335297|335298|335299|335300|335301|335302|335303|335304
1|13038|13039|13040|13041|12805|13043|12807|13045|13046|13047|13048|13049|13050|13051|12788|13053|13054|13055|13056|13057|13058|13059|13060|13061|13062|13063|13064|13065|13066|13067|13069|13070|13071|13072|13073|13074|13075|13076|13077|13078|13079|13081
110|150489|150492|150499|166472|166473|150530|166475|166476
5|183771|183772|183773|183774|183775|183776|183777
