2|149251|97709|97702|149254|149255|149256|149257|149258|71207|149260|149261|149262|149263|149264|149265|97719|149267|149268|149269|149270|149271|149272|149273|149274|149275|149276|149277|191068|149279|149280|149281|149282|149283|149284|149285|149286|149287|149288|149289|149290|149291|149292|149293|149294|149295|149296|149297|149298|149299|149300|149301|149302|149303|149304|149305|149306|149307|149308|149309|149310
4|78401|8525|78403|76918|78405|78406|78407|78408|76935|78410|78411|78412|76925|78414|78415|78416|78417|78418|78419|76941|78421|78422|78423|78424|78425|78426|78427|78428|78429|78430|78431|78432|78433|78434|78435|78436|78437|78438|78439|78440
1150|383449|383450|365286|383452|383453|383454|383455
532|513837|513838
68|161004|161005|161006|161007|161008|161009|161010|161011|161012
1011|131605|132598|157465|132417|157467
3|45405|45406|45407|45408|45409|45410|45411|45412|45413|45414|45415|45416|45417|45418|45419|45420|45421|45422
55|246827|246828|246829|246830|246831|246832|246833|246834|246835|246836|246837|246838|246839|246840|246841|246842|246843|246844|246845|246846|246847
1|23164|108384|108385|23170|108387|23174|23182|108390|108391|12786|12815|23178|108395|23189|108397|108398|108399|108400|108401|23193|108403|108404|108405|108406|108407|23198|23205|108410|108411|23203|108413|108414|108415|108416|108417|108418|108419
1128|15613|15614|15615|15616|15617|15618|15619|15622|15623|15624|15625|15626|15627|15628|15629|15630|15631|15632|15633
110|67109|67110|67111|67112|67113|67114|67115|67116|67117|67118|67119|67120|67121|67122|67123|67124|67125|67126|67127|67128|67129|67130|67131|67132|67133|67134|67135|67136|67137|67138|67139|67140
5|207221|207222|207223|207224|207225|207226|207227|207228|207229|207230|207231|207232|207233|207234|207236|207237|207238|207239|207240|207241|207242|207243|207244
