2|317510|317511|317512|101508|317514|101506|317516|317517|101493|317519|317520|317521|317522|317523|317524|317525|317526|317527|101505|101496|317530|317531|317532|317533|317534|317535|317536|317537|317538|317539|317540|317541|317542|317543|317544|317545|317546|317547|317548|317549|101511|317551|317552|317553|317556|317555|317558|317557|317560|317559|317562|317561|317564|317563|317566|317565|317568|317567|317570|317569|317571|70618
4|291400|291401|291402|291403|123484|291405|123478|291407|291408|291409|291410|291411|291412|291413|86907|123483|291416|291417|291418|291419|291420|291421|291422
68|158559|158560|158561|158562|158563|158564|158565|158566|158567|158568|158569|158570|158571|158572|158573|158574|158575
3|13568|13569|13570|13572|13573|13574|181125|13576|13575|13577|13578|13579|13580|13581|13582|13583|13584|13586|13587
1296|512866|513965|513966|514999
55|245197|245198|245199|245200|245201|245202|245203|245204|245205
1|22925|25427|12813|25429|22942|25431|25432|25433|25434|22944|22930|25437|22952|25439|25440|25441|25442|22959|25444|25445|25446|25447|25448|25449|25450|25451|25452|22963|25454|25455|25456|25457|25458|25459|25460|25461|25462|25463|25464|25465|25466|25467|25468
9|415335|415336|415337|415338|415339|415340|415341|415342|415343|415344|415345|415346|415347|415348|415349|415350|415351|415352|415353|415354
110|67157|67158|67159|67160|67161|67162|67164|67165|67167|67168|67169|67170|67171|67172|67173|67174|67163
5|212182|212183|212184|212185|212186|212187|239446|212188|212189|239449|212190|212191|212192|212193|212194|212195|212196|212197|212198
