2|171287|71219|96777|171290|171291|171292|171293|96780|171295|171297|171298|171300|171301|171302|171303|171304|171305|171306|171307|171308|96789|171310|171311|171312|171313|171314|171315|171316|171317|171318|171319|171320|171321|171322|171323|171324|171325|171326|171327|171328|171329|171330|171331|171332|171333|171334
4|113746|76948|113748|113749|113750|113751|113752|113753|76930|113755|113756|113757|113758|113759
68|162525|162527|162528|162530|162529|162531|162532|162533|162534|162535|162536|162537
3|244836|244837|244838|244839|244840|244841|244842|244843|244844|244845|244846|244847|244848|244849|244850|244851|244852
55|123404|123405|123406|123407|123408|123409|123410|123411|123412|123413
1|12803|20268|20269|20270|20271|20272|20273|20274|20275|20276|20277|20278|20279|20280|20281|20282|20283|100356|20284|20285|20287|20288|20289|20290
527|409314|409315|409316|409317|409318|409319|409320|409321|409322|409323
519|418966|418967|418968|418969|418970|418971|418972|418973|418974|418975|418976|418977|418978|418979|418980|418981|418982|418983|418984|418985|418986|418987|418988|418989|418990|418991
110|67141|67142|67143|67144|67145|67146|67149|67150|67151|67152|67153|67154|67155|67156
5|184905|184906|184907|184908|184909|184910|184911|184912|184913|184914|360009|360010
