2|81719|81720|81721|81722|81723|81724|81725|81726|81727|81728|81729|81358|81731|81732|81733|81734|81735|81736|81737|81738|81739|81740|81741|81742|81743|81744|81745|81746|81747|81748|81749|81750|81751|81752|81753|81754|81755|81756
184|70276|494692|494693|494694|494695|494696|494697|494698|494699|494700|494701
4|297883|297884|297885|177555|297887|297888|297889|177549|297891|297892|297893|297894|159095|297896|297897|297898|297899|177550|297901|297902|297903|297904|297905|297906
532|508162|508163
68|356896|356878|359915|362306|362307|362308|362309
3|53741|53778|66792|66793|66794|53738
55|384608|382654|384936|384937|384938|384939|384940|384941
1|134962|134963|132924|134965|134966|134967|134968|133532|134970|134971|133559|134973|134974|134975|134976|134977|134978|134980|134981|134982|134983|134984|134985|134986|134987|134988|134989|134990|134991|134992|134993
110|138501|138502|138503|138504|138505|138506|138508|138509|138510|178119|178120|178121|178248|178123|178124|178125|178127|138894
5|385021|385020|385023|385022|385024|385025
