2|93470|81363|93472|93473|93474|93475|93476|93477|93478|81379|93480|93481|93482|93483|93484|93485|93486|93487|93488|93489|93490|93491|93492|93493|93494|93495|93496|93497|93498|93499|93500|93501|93502|93503|93504|93505|93506|93507|93508|93509|93510|93511|93512|93513|93514|93515|93516|93517|93518|93519
4|159440|180112|159094|159447|180115|159101|180117|180118|180119|159449|180121|180122|180123|180124|180125|180126|180127|180128|180129|180130|180131|180132|180133|180134|180135|180136|180137|180138|180139
68|359097|364391|356887|364393|364394|364395|356901|359099|364398|364399
1011|164157|164158|164290
3|53546|53918|53919|53550|114634
1296|383456
55|385002|382635|385004|383003|383015|385007|385008|382670|385010|385011|382651|385013|385014|385015|385016|385017|385018
1|133552|132923|135073|135074|135075|135076|135077|135078|135079|135080|135081|135082|135083|135084|135085|135086|135087
110|138077|138078|138079|138080|138081|138082|138083|138084|138085|138086|138087|138088|138089|138090|138091|138092|138093|138094|138095|138096|138097|138098|138099
5|384952|384953|384954|384955|384956|384957|384958|384959|384960|384961|384962|384963|384964|384965|384966|384967|384968|403852
