2|110926|110927|81360|81381|81378|81369|98777|81361|110934|110935|110936|98780|110938|98804|110940|110941|110942|110943|81374|110945|110946|110948|110949|110950|81384|110952|110953|110954|110955|110956|110957|110958|110947|110959|110960|98790|110962|110963|110964|110965|110966|98798|110968|110969|110970|110971|110972|110973|98795|110975|110976|110977|110978|98796|110980|110981|110982|110983|110984|110985|110986|110987|110988|110989|110990|110991|110994|110993|110996|110995|152234|98802
1372|486474
4|165645|159090|159091|165648|165649|159103|165651|165652|159106|159097|165655|165656|165657|165658|165659|165660|159102|159107|165663|159086|165665|159096|165667|165668|165669|165670|186755|165671|165672|165673|165674|165675|159110|165677|165678|159105|207059|165680|165681|165682|207063|165683|165684|165685|165686|165687|159114|159112|165690|165691|165692|178501|165693|165694|165695|165696|165697|165698
1150|513149|515627
532|406450|406451|406452|406453|352187|406455|406456|406457|406458|219300|219321|406461
1388|515656
68|358120|367133|356871|367135|367136|358116|367138|367139|358107|367141|356902|367143|356886|356881|356872|367147|367148|367149|367150|358119|367152|367153|367154|356888|356889|356880|367158|358102|367160|367161|367162
1140|480107|480129|507010|507011
1011|131509|131606|131655|132599|131653|132220|270174|132426|132419|270184|270185|270186|270187|270201|270216|270217|270218|270219|270238|270239|270240|270241|270264|270265|270266|270267|270268
3|53267|53268|53269|53270|53271|53272|53273|53274|53275|53276|53277|53278|53279|53280|53281|53282|53283|53284|53285|53286|53287|53288|53289|53290|53291|53292|53293|53294|53295|53296|53297|53298|53299|53300|53301|53302|53303|53304|53305|53306|53307|53308|53310|53311|53312|53313|53314|53315
1296|383394|383395
55|382644|382647|382646|382645|382642|382639|385048|385049|382636|385051|383013|382655|385054|382653|382662|382633|382634|382659|385060|385061|385062|383007|382652|385065|385066|383024|382648|385069|382998|382661|383011|385073|384096|385075|385076|382667|383017|385079|382666|382669|385082|385083|385084|382649
1|135099|135100|133581|132922|132910|132921|132915|132913|132932|132920|132929|135110|135111|135112|132916|135114|135115|135116|135117|132926|135119|133575|135121|135122|135123|135124|135125|135126|135127|135128|135129|135130|135131|135132|135133|133571|135135|135136|135137|135138|135139|135140|133579|135142|135143|135144|132927|135146|133576|135148|133583|133562|135151|135152|135153|135154|135156|135157|135158|133574|135160
524|395850|395851|395852
1347|501409
110|136073|136074|136075|136076|136077|136078|136079|136080|136081|136082|136083|136084|136085|136086|136087|136088|136089|136090|136091|136092|136093|136094|136095|136096|136097|136098|136099|136100|136101|136102|136103|136104|136105|136106|136108|136109|136110
1063|490652|490653|490654|490655|490656|490657|490658|490659|490660|490661
5|395756|395757|395758|395759|395760|395761|395762|395763|395764|395765|395766|395767|395768|395769|395770|395771|395772|395773|395774|395775|395776|395777|395778|395779|395780|395781|395782|395783|395784|395785|395786|395787|395788|395789|395790|395791|395792|395793|395794|395795|395796|395797|395798|395799|395800|395801|395802
