2|107573|81362|81377|110271|81371|110273|110274|110275|110276|110277|110278|110279|110280|110281|110282|110283|110284|110285|110286|110287|110288|110289|110290|110291|110292|110293|110294|153689|110295|101160|110297|110298|110299|110300|111314|101156|110302|110303|110304|101140|110306|110307|113206|110308|101145|110309|110310|113211|101149|110312|110313
4|159098|202272|202273|202274|202275|202276|177551|159099|202279|202280|202281|202282|202283|202284|202285|202286|202287|202288|202289|202290|202291|202292|202293|202294|202295
532|406488|508161
68|359914|356890|359923|359919|359921|356900|361357|361358|359920|361360|359922|361362
1011|164643|164872|164873|164874|164875
3|53554|53742|66756|66757|66758|66759|66760|66761|66762|66763|66765|66766|66767|188077|66769|66770|66771
55|382658|384626|384627|384628|382656|384630|384631|382643|384633|384634|382660|384636|384615|384638|384617|384640|384641|384642|384643|384644|384645|384646|384647|384648|383001
1|133920|133921|133922|133528|133537|133925|133926|133927|133928|133542|133930|133931|133932|133554|133566|133935|133936|133937|133938|133939|133940|133941|133943|133944|133945|133946|133947|133948|133949|133950|133951|133952|133953|133954|133955|133956
1143|130808|137249|137250|137251|137252|137253|137254|137255|137256|130870|137258|137259|137260|137261|137262|137263|137264|137265|130871|137267|137268|137269|137270|137271|137272|137273
110|138030|138031|138032|138033|138034|138035|138036|138037|138038|138039|138040|138041|138042|138043|138044|138045|138046|138047|442518|138049|138050|138052|138053|138054|138055
5|385653|385654|385655|385656|385657|385658|385659|385660|385661|385662|385663|385664|385665|385666
