2|78349|78548|78549|78550|78551|78552|78553|78554|78555|78556|78557|78558|78559|78560|78561|78562|78563|78564|78565|78566|78567|78568|78569|78570|78571|78572|78573|78574|78575|78576|78577|78578|78579|78580|78581|78582|78583|78584|78585|78586|78587|78588|78589|78590|78591|78592|78593|78594|78595|78596|78597|78598|78599|78600|78601|78602
4|159089|197321|197322|159111|197324|197325|197326|197327|197328|197329|197330|197331|197332|159441|197334|197335|197336|197337|197338|197339|197340|197341|159456|197343|197344|197345|197346|197347|197348|197349|197350
68|356876|359098|359096|356891|365225|359107|365227|365228|359100|359111|365231|365232|365233|365234
1140|480105
1011|164995|164996|164997|165041|165042|165043|165044
3|53547|54014|53551|54016|54017|121664|54019|54020|54021|54022|54023|54024|54025|54026|121674|54029|53552
667|478266|478267|478268|478269|478270|478271|478272|478273|478274|478275|478276|478277|478278|478279
55|382641|382668|383014|392772|382663|392774|392775|392776|383036|392778
1|135339|135340|135341|132930|133556|135344|133534|135346|135347|135348|135349|135350|135351|135352|133580|133569|135355|135356|135357|133547|135359|135361|135362
1382|503106|503107|503108|501412|501413|502017
110|138317|138318|138319|138320|138321|138322|138323|138324|138325|138326|145482|138327|138328|138889
5|385259|385260|385261|385262|385263|385264|385265|385266|385267|385268
