2|302589|152082|293691|154842|305010|286394|151913|141224|139647|285057|139865|144347|148978|155838|158973|140043|306482|306483|306484|158202|293685|306487|152072|306489|155841|306491|145511|307971|160920|141226|307974|140641|139580|144348|285050|158200|150005|308640|309827|309828|143855|151373|151362|285045|155827|139520|139725|311308|141227|152073|147812|151377|311312|144352|148980|141236|139613|155836|139655|146526
4|196474|196483|196493|197667|197668|197669|196491|197671|197672|197673|197364|8513|196504|196489|197678|197371|196479|197681|196478|196497|196492|196485|197686|197368|197688|196503|197690|197691|197692|197693|196502|196505|197696|197697|197698|196480|197700|197701|197702|197703|197704
68|166588|166580|166590|166656|166657|166595|166586|89217|166587|166662|89218|89216|166666|166667|166591|166579|166592|166672|166673|166674|166675
1011|132318
3|2173|2174|2175|2176|2177|2178|2179|2180|2181|2182|2183|2184|2185|2186|2187|2188|2189|2190|2191|2192|2194|2195|2196|2197|2198|2199|2200|2201|2202|2203|2204
1296|188807|128531|188786
55|190138|179490|188664|179249|185498|167510|179246|186299|167502|167511|179248|188662|185500|185797|188670|179244|190154|188666|190156|188665|185502|167498
1|9993|10127|10005|10129|9990|10131|9991|10133|10134|10135|9983|9986|10138|10139|9985|9992|9982|10143|10144|10000|10146|10147|10148|9984|9996|10002|10011|10153|10154|10155|9994|10001|10158|10159|10160|9997|10162|10163|10164|10165|10166|10010|10168|10169|10170|10171|10172|10173|10174|10175|10176|10015|10179|10004|10181|10182|10183|10006|9988|10186
110|32703|32704|8043|32706|32707|23648|32709|16087|32711|32712|32713|8046|16063|32716|32717|8048|16089|32720|32721|8049|83306|59124|16062|16065|59112|16086|59111|16069|59127|8053|67307|82769|59119|83319|8045|59118|59132|59123|59128|59110|82766|59122|59126|8054|83330|59129|59121|8050|59114|67308|59133|83337|8051|8052|59135|8057|67316|23650|16064|83345|83346|8058|16078|82768|83350|83351|16090|16072|83354|16067|5623
1122|66147|66148|66149|66150|66151|66152|66153|66154|66155|66156|66157|66158|66159|66160|66161|66162|66163|66164|66165|66166|66167|66168|66169|66170|66171|66172|66173|66174|66175|66176|66177|66178|66179|66180|66181|66182|66183|66184|66185|66186|66187|66188|66189|66190|66191|66192|66193|66194|66195
5|12073|12074|12075|11416|48734|79420|144860|12077|12078|12079|32988|12080|144866|12081|12082|11415|12084|12085|12086|12087|12088|79423|144876|32989|48728|144879|49667|49672|12089|12090|79435|12091|12092|12093
