2|144339|144340|144341|144342|144343|144344|144345|468306|144347|353939|144348|144349|144350|144351|144352|144353|144354|169047|144355|144356|145504|145505|145506|145507|145508|145509|145510|145511|145512|145513|145514|145515|145516|323050|145517|145518
4|197364|197365|196488|197367|197368|197369|197370|197371|197372|197373|197374|197375|197376|197377|197378|197379|196498|196504|196500|197383|197384|196505|197386
68|166580|166859|166860|166657|166862|166863|166864|166865|166866|166867|166666|166869
1011|132318
3|2175|2193|2182|225703|225704|2190|225706|225707|225708|225709|225710|225711
55|188662|188663|188664|188665|188666|188667|188668|188669|188670|188671|188672|188673|188674
1|9998|104833|104834|104835|9981|104837|104838|104839|104840|104841|104842|104843|104844|104845|104846|104847|104848|104849|10143|104851|104852|104853|104854|104855|104856
1370|5623|392803|392804|392805
110|67307|67308|67309|32721|67311|67312|67313|67314|67315|67316|67317|67318|67319|67320|67321|67322|67324|67325|5623
5|146208|12097|146210|146211|144866|146213|84820|146215|146216|146217|146218|146219|146220|146221|146222|146223|146224|146225|146226|146227|84813|146229|146230|12073|146232|146233|146234|144860|84803|146237|84827|146239
