2|146522|468503|146524|146525|146526|146527|146528|147063|147064|468395|147066|147067|147068|147069|147070|147071|147072|147073|147074|147075|147076|147812|147813|147814|147815|147816|147817|147818|147819|147820|147821|147822|147823|147824|147825|147826|147827|147828|148193|148194|148195|148196|148197|148198|148199|148974|148975|148976|148977|148978|148979|148980|148981|148982|148983|148984|148985|148986
4|196476|196487|196481|199987|196496|199989|199990|199991|199992|199994|199995|196492|199997|199998|200000|200001|200002|200003|200004|396725|396726
68|166582|166815|166593|166817|166590|166819|166820|166821|166822|166823|166824|166825|166826|166827|166667|166829|166830|166831
1140|480106|515518
1011|515667
3|2180|2589|2584|2679|2680|2187|2682|2685|2686|2687|2688|2689|2690|2692|2693|2694|2695|2696|2697|2698|2699|2174
1296|128531|188784|128579|188786|128559
55|179239|179240|179241|179242|179243|179244|179245|179246|179247|179248|179249|179250|179251|179252|179253|179254|179255|179256|179257|179258|179259|179260|179261|179262|179263
1|9983|325367|10001|325369|10148|9988|325372|10015|10138|325375|10169|10007|10144|10166|10011|325381|10004|9989|9999|325385|325386|10005|325388|325389|325390|325391|325392|325393|325394|10183|325396|325397|325398|325399|10177|325401|10163|325403
110|32706|32713|32703|59109|59110|59111|59112|32709|59114|59115|59116|59118|59119|32717|59121|59122|59123|59124|32712|59126|59127|59128|59129|59130|32716|59132|59133|59134|59135|116136|83337|116138|116139|83346|116141|116142|116143|116145|116146|116147|116148|116149|116150|116151|116152|116153|116154|116155|116156
5|12098|12107|12095|12081|32984|12085|12082|32987|32988|32989|12075|12103|32992|32993|32994|12077|32996|32997|32998|32999|33000|33001|12093|33003|33004|33005|33006|33007|33008|33009
