1365|509130
1423|509130
2|24503|68453|68454|68455|68456|68457|68458|25089|25086|68469|68470|68471|68472|68473|68474|68475|68476|68509|77613|68510|24881|68511|77617|77618|77619|77620|77621|77622|24544|188773|188774|188775|188976|24882|188978|188979|188980|188981|188982|188983|188984|188985|188986|188987|188988|25087|188990|188991|188992|24910|189016|189017|189018|189019|189124|189125|189126|24572|101470|101471|101472|44840|24779|24906|101476|101477|101478|101479|95258|101481|25092|44823|101484|101485|101486|101487|101488|24573|23335|31533|31534|31535|31541|31542|31543|31566|24887|31568|31569|24886|31571|31572|31605|25091|31607|31608|31609|31610|31611|31651|31652|31653|31679|24670|24671|24672|102643|102644|102645|83057|102870|82747|104707|104708|78905|107015|82748|24908|24883|78903|107109|107110|107248|24780|107250|107251|78923|107253|107254
1420|509130
1372|486472|486479|509130
1375|509130
4|12030|12032|12044|12118|12119|12046|12121|12040|12029|12124|12125|12126|12127|12128|12129|12130|12026|12039|12133|12037|12135|12192|12194|12043|12196|12197|12199|12201|12204|12205|12207|12031|12023|12036|12034|12234|12038|12042|12237|12238|12239|12240|12241|12242|12243|12041|14328|12035|14331|14332|14335|14336|14337|14339|14668|14669|12028|14676|14677|14682
1318|509130
1387|509130
1314|509130
1351|509130
1150|515604
29|509130
532|413239|413240|515602
1329|509130
1388|509130|515660
1317|509130
1406|509130
1173|509130
1176|509130
1316|509130
1374|509130
1416|509130
638|304640|304647
1405|509130
68|251603|251617|251602|251608|251076|251618|251604|251611|251631|251641|251616|251615|251623|251629|251612|251065|251628|260800|260801|251610|251613|251632|260805|251605|251609|251635|251637|258638|251752|251758|251750|251755|251757|251748|260875|251749|250568|251769|251775|251767|260884|251777|258639|251759|252544|260947|251464|251466|260951|252542|251069|251468|260957|250135|251474|258642|251301|258548|250155|251041|251298|250140|251304|258555|251039|258550|250139|251042|261051|261053|250570|252543|261067|261068|252559
1140|509130
1011|123837|123803|131400|131402|124127|131403|124175|124128|222415|131406|222416|165757|222414|124176|124133
3|247462|247463|247464|247465|247466|247467|247468|247469|247470|247471|247472|247473|247474|247475|247476|247477|247478|248760|248761|248762|248763|248764|248765|248766|248767|248768|248769|248770|248771|248772|248773|247816|248776|248777|248142|249290|249292|248139|250342|249699|248137|248140|249700|250347|248136|249701|250350|248138|248143|49205|248145|248141|49184|249296|250611|249288|249289|250615|246180|249283|249312|249753|249744|249752|249307|249741|249750|249748|249279|249754|249757|249756|249760|249761|249762|249282|249285|251230|249311|251212|251227|249294|251651|251232|251653|249320|249309|249299|249287|251226|251218|251224|251228|251229|251231|249313|251242|251243|251259|251249|251258|251247|251244|251239|251241|251261|251262|251263|251266|251267|251268|251269|251270|251271|251275|251250|251251|251265|249284|249306|283525|283524|334332|334333|354318|283520|283522|334336|334337|283526
518|509130
1345|509130
1330|509130
1296|382298|382299
55|415597|415598|415989|415595|415991|415992|415993|311110|415601|415602|415997|415600|415999|416000|416001|415603|416003|416004|416005|416006|416007|416008
1|12463|12453|12465|12466|3320|3317|12457|12425|12471|12426|12401|12413|12420|12421|12432|12412|12433|12480|12434|12445|12455|3336|12446|12428|12443|12444|12438|12450|12435|12447|12440|12419|12451|12496|12439|12889|3820|25577|3822|3821|3819|25581|3837|3818|25584|3788|3327|3800|3801|25589|25590|3789|3830|3795|3826|3802|3833|3823|3827|3807|25600|3798|3828|3834|3850|3845|3328|3330|12893|3325|12895|5919|12897|5928|12899|5916|5939|3393|3432|8234|3332|3367|12907|3430|12909|8232|3334|12912|3371|12914|12915|3421|12917|12918|3352|3348|12921|3358|3347|3354|12925|3339|12927|12928
1380|509130
1378|509130
1399|509130
1415|509130
1385|509130
1418|509130|512920
1391|509130
1408|509130
1371|509130
1347|509130
1389|509130
1202|509130
1409|509130
172|509130
1397|509130
522|509130
1421|509130
1376|509130
1414|509130
1384|509130
110|81679|81236|82285|79784|80345|80344|127385|82061|81683|80348|81688|82284|127391|80858|79418|82286|127395|81685|80346|82439|80355|81684|81692|127402|81691|81695|127405|80353|82069|82440|81687|80350|79791|81705|82293|79409|80347|127416|81690|81697|80364|82063|79789|80351|127423|81708|80349|82290|80363|80850|79786|80360|81682|80354|79412|82441|81694|127436|82062|81698|80357|81702|80352|82066|82291|79787|81700|80356|80857|80359|82298|515890
1396|509130
1063|509130
1400|509130
1328|509130
1309|431289|431304|479435|479436|431318|479438|479439|479440|479441|479442|431297|479444|479445|479446|479447|479448|479450|479451|479453|479454
1386|509130
1422|509130
1332|509130
1349|509130
1417|509130
1412|509130
1138|509130
5|58737|71564|58712|63943|58714|58719|58728|58722|58717|72698|58725|120548|58723|58730|58713|58716|58715|63967|71569|63944|71566|63960|71561|71586|71575|63942|63956|63941|63939|63955|63957|63940|63962|63949|63966|63961|63948|63945|63965|63950|63946|63964|71567|71590|75518|71573|75520|75521|75522|75523|75524|71572|75528|71578|71584|77644|77645|277030|77646|77647|77648|71571|71576|77651|57269|314164|57274|78358|78359|57270|57282|57277|78365|57281|78367|78368|71582|57271|78371|78372|78373
1407|509130
1404|509130
