1365|509130
1423|509130
2|44666|44667|44668|44669|44670|44823|44824|44825|44826|44827|44828|44840|44841|44842|44843|78181|78182|78183|78184|78185|78186|78187|78188|78189|78345|78346|78347|78348
1420|509130
1372|509130
1375|509130
4|41673|41674|14337|41678|12035|41680|41679|72006|41681|41676|72009|72010|41682|41683|41684|41685|41686|41687
1318|509130
1387|509130
1314|509130
1351|509130
29|509130
532|509130
1329|509130
1388|509130
1317|509130
1406|509130
1173|509130
1176|509130
1316|509130
1374|509130
1416|509130
1405|509130
68|251065|251066|251067|251068|251069|251070|251071|251072|251073|251074|251075|251076|251077
1140|509130
1011|123803|123837|124127|124128|124133|124175|124176
3|49184|248136|248137|248138|248139|248140|248141|248142|248143|248144|248145
518|509130
1345|509130
1330|509130
55|415597|419795|419796|419797|419798|419799|419800|419801|419802|419803|419804
1|12899|12897|3328|25688|25689|25690|25691|25692|25693|25694|25695|25696|25697|25698|25699|25700
1380|509130
1378|509130
1399|509130
1415|509130
1385|509130
1418|509130
1391|509130
1408|509130
1371|509130
1347|509130
1389|509130
1202|509130
1409|509130
172|509130
1397|509130
522|509130
1421|509130
1376|509130
1414|509130
1384|509130
110|79784|79785|79786|79787|79788|79789|79790|79791|79792|79793|79794|160713
1396|509130
1063|509130
1400|509130
1328|509130
1386|509130
1422|509130
1332|509130
1349|509130
1417|509130
1412|509130
1138|509130
5|71575|78605|78606|78607|78608|75522|75521|78611|78613|78614|78615|75524|78618
1407|509130
1404|509130
