2|24963|24907|95221|95222|95255|95256|24906|95258|24572|95260|95261|95262|95276|95277|95278|95294|95295|95296|95297|97979|97980|97981|97982|97983|98146|98147|98148|98149|98150|98151|98152|98153|98154
4|12037|14332|71404|71405|71406|71407|12133|71409|71410|71411|71412|71413|71414|71415|71416|71417|71418|71419|71420|71421
68|251464|251465|251466|251467|251468|251469|251470|251471|251472|251473|251474|251475|251476
1011|131402|165757|165772|165821|131403|165942|165943|165944|165945|165946|439187
3|249292|283528|283529
55|415603|421700|421701
1|3325|12895|15361|15362|15363|15364|15365|15366|15367|15368|15369|15370|15371|15372|15373|15374|15375|15376|15377|15378
984|375983|375984|375985|375986|375987|375988|375989|375990|375991|375992|375993|375994|375995|375996|375997|375998|375999|376000|376001|376002|376003|376004|376005
110|82061|82062|82063|82065|82066|82067|82068|82069|82070|82071|107001
5|71567|75528|75523|118573
