2|243577|243578|243579|251945|24885|252037|252038|24912|252040|252041|24911|252043|252076|252077|252078|24880|24881|252123|252081|252125|252126|77622|252128|252129|252130|252131|77617|252133|24777|252185|252186|252232|252233|267142|267143|267146|267145|267148|267147|77620|267149|267473|267472|267475|267474|267477|267476|267479|267478|267658|267657|267660|267659|267662|267661|267664|77613|267665|267770|267769|267887|267771|267889|68456|267891|267890|267892|268504|328551|268506|268505|268562|268507|268681|268680|268683|77621
1372|486479
4|12032|8530|12121|12119|40917|40918|12040|40920|40921|40922|12126|40924|40925|12024|40927|40928|40929|40930|12127|12125|40933|40934|40935|40936|40937|40938|40939|40940|40941|40942|40943|12129|40945|12118|12044|12030
1150|515604
1136|471742
532|413236|219330|413238|413239|413240|413241|413242|413243|413244
638|304640|304647
68|9172|251602|251603|251604|251605|251606|251607|251608|251609|251610|251611|251612|251613|251614|251615|251616|251617|251618|251619|251620|251076|251622|251623|251624|251625|251626|251627|251628|251629|251630|251631|251632|251633|251634|251635|251636|251637|251638|251639|251640|251641
3|249299|249309|251212|249305|249316|249287|249285|251217|251218|249282|249314|249294|249311|251223|251224|250611|251226|251227|251228|251229|251230|251231|251232|251233|249313|251235|251236|251237|249320|251239|251240|251241|251242|251243|251244|251245|251246|251247|247477|251249|251250|251251|251252|251253|251255|251256|251257|251258|251259|251260|251261|251262|251263|251264|251265|251266|251267|251268|251269|251270|251271|251272|251273|251274|251275|251276|251277|335496|251279|251280|473156|251281
1296|128576|128539|382607|382608
55|420727|420728|420729|420730|420731|415991|420733|415602|415999|420736|420737|420738|415595|311110|420741|420742|420743|420744|456423|420745|420746|420747|420748
1|12395|12396|3322|12398|12399|12400|12401|12402|12403|12404|12405|12406|12407|12408|12409|12410|12411|12412|12413|12414|12415|12416|12417|12418|12419|12420|12421|12422|12423|3336|12425|12426|12427|12428|12429|12430|12431|12432|12433|12434|12435|12436|12437|12438|12439|12440|12441|12442|12443|12444|12445|12446|12447|12448|12449|12450|12451|12452|12453|12454|12455|12456|12457|3331|12459|12460|12461|12462
1418|512920
524|442138|442139|442140|442141|442142|442143
110|80344|80345|80346|80347|80348|80349|80350|80351|80352|80353|80354|80355|80356|80357|80358|80359|80360|80361|80362|80363|80364|80365|80366|80367|80368|80369|80370|80371|80372|80373|80374|80375|80376
1309|479435|431297
5|58712|58713|58714|58715|58716|58717|58718|58719|58720|58721|58722|58723|58725|58726|58727|58728|58729|58730|58731|58732|58733|58734|58735|58736|58737|58738|58739|58740
