2|189218|189219|189220|189221|189222|189223|189224|188988|24778|189265|189266|189267|189268|189269|188983|189271|189272|189273|189274|189275|189276|188984|189462|189463|189019|188986|189466|189467|189125|189607|188987|189609|189610|189611|189612|189613|189871|24544|189873|189874|189875|189018|189877|189878|189879|188981|24909|189996|189997|189998|189999|190000|190001|188773|190003|195388|195389|24882|195391|195392|188990|189017|195520|188985|188980|195967|188978|195969|189124|188991|188992|195973|195974|25087|188982|195977|189016|24910|196297|196298|196299|196300|196731|196730|189126|196732|25090|196734|196735
4|12025|12027|24350|24351|24352|24353|12194|24355|12197|12135|24359|24360|12045|12192|12043|12039|24365|24366|24367|24368|24369|24370|12046|24372|24373|12196|24375|24376|24377|24378|24379|24380|24381|24382|24383|12201|24385|24386|31226
532|393763|219309|393765|393766|219312|393768|393769|393770|393771|393772
471|234447|234448|234449|234450|234451|234452|234453|234454|234455|234456|234457|234458
68|251748|251749|251750|251751|251752|251753|251754|251755|251756|251757|251758|251759|251760|251761|251762|251763|251764|251765|251766|251767|251768|251769|251770|251771|251772|251773|251774|251775|251776|251777|251778
1011|131400|222413|222414|222415|222416|222417|222418|222419|222420
3|247813|247467|247475|247816|247817|49157|247819|247820|247472|247463|247823|247465|247825|247826|247476|247828|247471|247830|247468|247832|247469|247474|247464|247836|247466|247838|247839|247478|247841
1296|382343|382299|128534
55|415596|421330|421331|421332|415993|416006|416004|421336|421337|421338|421339|421340|421341|421342|421343|421344|421345|421346|421347|421348
1|3787|3788|3789|3790|3321|3792|3327|3329|3795|3796|3797|3798|3799|3800|3801|3802|3803|3804|3805|3806|3807|3333|3809|3811|3812|3813|3814|3815|3816|3817|3818|3819|3820|3821|3822|3823|3824|3825|3826|3827|3828|3829|3830|3831|3832|3833|3834|3835|25600|3836|3837|3838|3839|3840|3841|3842|3843|3844|3845|3846|3847|3848|3849|3850|3851|3852|3853|20994
110|81236|81679|81680|81681|81682|81683|81684|81685|81686|81687|81688|81689|81690|81691|81692|81693|81694|81695|81696|81697|81698|81699|81700|81701|81702|81703|81704|81705|81706|81707|81708|81709|81710|81711|81712|81713|81714|81715|81716|81717|81718|515890
1309|431289|479442|479438|479436|479447|479440|479445|479449|479485
5|63939|63940|63941|63942|63943|63944|63945|63946|63947|63948|63949|63950|63951|63952|63953|63954|63955|63956|63957|276395|63958|63959|63960|63961|63962|63964|63965|63966|63967|63968|63969
