2|24883|24501|102643|24780|167581|167661|167662|167663|167664|167665|25088|107015|107109|167707|102870|167756|167757|167758|167759|167760|175299|24670|175301|175302|175303|175813|107248|24908|175816|175817|175818|107110|175820|175821|107254|175823|175824|107253|176452|176454|104708|176456|176457|176458|102644|176460|176827|176828|176829|176830|176831|176832|176833|176834
4|34010|12028|14676|14669|34014|34015|34016|34017|34018|34019|34020|34021|34022|34023
1388|515660
68|252542|252543|252544|252545|252546|252547|252548|252549|252550|252551|252552|252553|252554|252555|252556|252557|252558|252559|252560|252561|252562|252563|252564|252565|252566|252567
3|248777|248949|248769|248770|248952|248772|248765|248955|248761|248762|248958|248764|247473|248961|248768|248767|248964|248773|248966|248967|248968|248969|248763|248971|248771|248973|248766|248975|248776|248977|248978|248979|248980|248981|248982|248983|248984|248985|248986|248987
55|418111|418112|416005|415989|418115|418116|416007|418118|418119|418120
1|3340|3341|3342|3324|3344|3345|3346|3347|3348|3349|3350|3351|3352|3353|3354|3355|3356|3357|3358|3339|3360|3361|3362|3363|3364|25903|12927|25905|25906|25907|63433|63434|63435|63436|63437|63438
110|127395|127391|127416|127385|409850|409851|127402|127423|409854|409855|387324
1309|431304|431318|479451|479441|479490|479450|479492|479444|479454|479439|479448|479497|479498|479499|479453|479502|479503|479504
5|71566|103146|71576|78368|103149|78372|78367|103152|71582|71586|103155|78358|103157|78373|78365|103160|78359|103162|103163|78371|103165|103166|103167|103168|103169
