2|35978|211127|35963|211408|211409|37178|211411|35512|211413|37174|37188|35974|211745|167353|35965|37365|37165|35524|211751|211752|35513|35970|36925|35988|211757|36903|35520|36346|86329|35762|38138|36096|36363|86323|35770|36340|35720|35756|36355|38135|86335|36081|35767|38137|36353|36087|36337|86339|35758|36336|38134|86333|36349|35766|86344|38141|36343|86336|35775|36338|35731|86330|35725|38147|35782|35768|216715|37919|20044|216718|86997|20003|216721|37913|83160|86996|20026|38028|216727|20009|83164|20033|87001|20025|83263|87002|83168|20051|20006|83268|83269|87000|20024|83165|216743|83163|20030|216748|83260|83266|83174
1355|504601|504602|504603|504604|504605|504606|504607|504608|504609|504610|504611|504612|504613|504614|504615|504616|504617|504618|504619|504620|504621
4|220460|15865|15862|168088|168097|220465|130479|123646|168084|168098|168109|168114|168087|168094|168093|220475|123644|168106|130483|168079|168116|168110|168089|168113|168107|407397|124530|137396|15855|130985|124539|15850|124435|137399|127474|15852|15864|130990|124426|124477|124425|137397|124526|124427|15857|124523|127472|124475|124540|124436|124431|124439|275763|124441|283423|283424|15849|136297|15861|15848|283429|136608|15967|129942|136298|127335|136613|15964|131267|15867|136294|283440|15972|283442|283443|15856|283445|131271|15866|136612|129946|283450|15975|15966|136628|283455|15969|136631|130283|136630|129936|130273|136629|136627|130287|283465|15984|15978
1333|35233|35237|35234|35236|35235
532|310324
638|513953
68|77900|78377|78392|77883|77793|77886|77874|78476|77882|77937|77850|77849|77856|77894|77858|77857|77796|77865|77869|77846|77859|77868|77862|77841|77871|77922|78378|77944|78191|72181|78115|78082|72184|78042|78120|78194|78506|77943|78508|78192|95755|78510|78190|78041|78513|72185|78084|78116|78517|78046|77964|77624|78276|78523|77755|77752|77627|78270|78145|77629|77754|78151|78283|77623|78154|77756|77753|78292|77625|77628|78142|78285|77630|78272|78279|77759
1140|480108|480131|480124|508331|480135|480119|508333|480125
1011|512898|512899
3|212913|212914|212915|204184|212918|212919|212920|212921|212922|212924|204182|204179|212927|212928|200605|216857|216858|204185|216860|216861|216862|216863|204174|216865|216866|216867|204187|216869|216870|223290|223291|49204|223293|223294|200600|223296|223297|223298|204181|223300|223301|223302|223303
1296|184591|184592|184593|144853|184595|490645|515412
55|369399|369400|233327|369402|233325|233324|369405|233331|369407|369408|369409|369410|233337|233323|233338|369414|369415|369416|369417
1|217679|42020|68700|68736|1656|217684|217685|68708|1648|71704|42009|1564|1652|217692|68735|68699|1649|68710|68713|68723|42016|217701|68835|68781|149628|218304|68849|218306|1653|218006|68833|68776|149629|218011|68839|68782|149635|1662|68858|1651|149642|218010|68855|68785|149640|218007|68778|68780|1563|68865|218952|68813|72627|149324|137849|68863|218955|68817|72642|1664|137861|68864|1659|219027|72634|149323|137858|68885|218956|68823|72628|149328|137848|68866|68869|72624
1293|392749|402194|392757|392750|46389|402199|402200|392754|392755|392751
1421|515710
110|126224|46209|126165|45771|45112|45972|46206|385276|45974|45851|45113|45854|45764|45853|46396|45774|45855|45856|46207|46387|46208|46210|45973|46211|46388|44440|126111|385297|126070|126172|126069|44170|126221|126109|126247|44168|126281|126270|126220|126268|126283|126171|126244|126269|122405|126112|126110|126225|126169|126245|385321|126284|44171|126074|126267|122406|44449|126233|126179|126289|44173|44441|126071|44446|122407|126276|126219|126273|126262|126288|126072|122408|126286|122409|126043|126231|126252|126280|386186|126260|126076|126243|126073|126077|126078|126044|44172|126168|273721|126278|126175|274089|126166|126173|44445|44174|126176|126174
5|230771|172050|195460|167709|230775|230776|230777|230778|230779|230780|195457|230782|224814|230784|230785|230786|172052|230788|167710|230790|195470|230792|230793|230794|167478|195463
