2|35508|35509|35510|35511|35512|35513|35514|35515|35516|35517|35518|35519|35520|35521|35522|35523|35524|35525|35526|35527|35528|35529|35530|35531|35532|35533|35534|35535|35536|35537|35538|35539
4|130475|130476|15863|130478|130479|130480|130481|130482|130483|130484
68|77922|77923|77924|77925|77926|233386|77927|77928|233499|77929|77930|77931|77932|77933|77934|77935|77937
1140|480124
3|252807|223298|252809|252810|252811|252812|494411
55|375348|375349|375350|233339|375352|375353|369414|375355
1|42009|42010|42011|42012|42013|42014|42015|42016|42017|42018|42019|42020|42021|42022|42023|42024|42025|42026|42027
639|394658|394659|394660|394661|394662|394663|394664|394665|394666|394667|394668|394669|394670|394671|394672|394673|394674|394675
1390|493369
110|45631|45632|45762|45763|45764|45765|45766|45767|45768|45769|45770|45771
5|311091|311092|311093|311094|311095
