2|35959|35960|35961|35962|35963|35964|35965|35966|35967|35968|35969|35970|35971|35972|35973|35974|35975|35976|35977|35978|35979|35980|35981|35982|35983|35984|35985|35986|35987|35988|35989
4|123643|123644|123645|123646|123647|188782
1287|392749|392750|392751|392752|392753|392754|392755|392756|392757|515910|515911|515912|515913|515914
68|77793|77794|77795|77796|77797|77798|77799|77800|77801|77802|77803|113128|77804|77805|77806|113132|77807|77808|77809|77810|77811|77812
3|200600|200601|200602|200603|200604|200605|200606|200607|200608|200609|200610|200611|200612|200613|200614|200615
1296|138076
55|233332|369405|374895|374896
1|1564|71698|71699|71700|71701|71702|71703|71704|71705|71706|71707|71708|71709|71710|71711|71712|71713|71714|71715|71716|71717|71718|71719
110|45112|45113|45114|45115|45116|512050|512051|512052|512902|512909|512910|512911|513800|515411|515978
5|499230|499232|499231|501259|499233|515132
