2|20002|20003|20004|20005|20006|20007|20008|20009|20010|20011|20012|20013|20016|20015|20018|20017|20020|20019|20022|20021|20024|20023|20026|20025|20028|20027|20030|20029|20032|20031|20034|20033|20036|20035|20038|20037|20040|20039|20042|20041|20044|20043|20046|20045|20048|20047|20050|20049|20052|20051
4|15850|137396|15857|137399|137400|137401|137402|137403|137404|137405|137406|137407|15864|137409|137410|137411|137412|137413|137414|137415|137416|137417|137418|137419|137397|137624|137628|137630|284220
471|235349|235350|235351|235352|235353|235354|235355|235356|235357|235358|235359|235360|235361|235362|235363
68|77623|77624|77625|77626|77627|77628|77629|77630|77631|77632|77633|77634|77636|77637|77638|77639
1011|512898|512899
3|204182|212915|240073|240074|240075|240076|240077|240078|240079|212923|212919
55|374693|374694|374695|374696|374697|369410|374699|374700|374701|233324
1|68776|1651|68778|68779|68780|68781|68782|68783|68784|68785|68786|68787|68788|68789|68790|68791|68792|68793|68794|68795|68796|68797|68798|68799|68800|68801|68802|68803|68804|68805|68806|68807|68808|68809
110|44168|44169|44170|44171|44172|44173|44174|44440|44441|44442|44443|44444|44445|44446|44447|44448|44449|44450
5|167708|167709|167710|167711|167712|167713|167714|167715|167716|167717|167718
1335|309521|309522|309523|309524|309525|309526|309527|309528|309529|309530|309531|309532
