2|37913|37914|37915|37916|37917|37918|37919|37920|37921|37922|37923|37924|37925|37926|37927|37928|37929|37930|37931|37932|37933|37934|37935|37936|37937|37938|37939|37940|37941|37942|37943|37944|37945|37946|37947|37948|37949|38019|38020|38021|38022|38023|38024|38025|38026|38027|38028|38029|38030|38031|38032|38033|38034|38035|38037|38038|38039|38040|38041
4|127463|127464|127465|15855|127467|127468|127469|127470|127471|127472|127473|127474|127475|127476|127477|127478|127479|127480|127481
1333|35233|35234|35235|35236|35237|508316|508317
68|78141|78142|78143|78144|78145|78146|78147|78148|78149|78150|78151|78152|78153|78154|78155|78156|78157|78158|78159|78160|78161|78162|78163|78164|78165|480135
1140|480135
3|204179|234859|204184|234861|234862|212920|234864|234865|234866|234867|234868|234869|234870|234871|234872|234873|234874|234875
55|374881|374882|374883|374884|374885|233335|374887|374888|374889|374890|374891|374892
1|1653|149628|149629|149630|149631|149632|149633|149634|149635|149636|149637|149638|149639|149640|149641|149642|149643|149644|149645|149646|149647|149648|149649|149650|149651|149652|149653
110|126267|126268|126269|126270|126271|126272|126273|126274|126276|126277|126278|126279|500033|508148|508695|508696|512919|515618|515909
5|318145|230779|342873|230790|493869
