2|36888|36889|36890|36891|36892|36893|36894|36895|36896|36897|36898|36899|36900|36901|36902|36903|36904|36905|36906|36910|36908|36912|36909|36916|36911|36920|36913|36922|36914|36924|36915|36926|36917|36919|36921|36923|36925|36927|37155|37156|37157|37158|37159|37160|37161|37162|37163|37164|37165|37166|37167|37168|37169|37170|37171|37172|37173|37174|37175|37176|37177|37178|37179|37180|37181|37182|37183|37184|37185|37186|37187|37188|37348|37349|37350|37351|37352|37353|37354|37355|37356|37357|37358|37359|37362|37361|37364|37363|37366|37365|37368|37367|37370|37369|37372|37371|37374|37373|37376|37375|37378|37377|37379
4|8534|15862|168079|168080|168081|168082|168083|168084|168085|168086|168087|168088|168089|168090|168091|168092|168093|168094|168095|168096|168097|168098|168099|168100|15851|168102|15865|168104|168105|168106|168107|168108|168109|168110|168111|168112|168113|168114|168115|168116|168117|168118|168119|168120
532|310324|310325|310326|310327
1338|401778|401779|401780|401781|401782|401783|401784|401785|401786|401787|401788|401789|401790|401791|401792|401793
471|229256|229257|229258|229259|229260|229261|229262|229263|229264|229265|229266|229267|229268|229269
68|77837|77838|77839|77840|77841|77842|77843|77844|77845|77846|77847|77848|77849|77850|77851|77852|77853|77854|77855|77856|77857|77858|77859|77860|77861|77862|77863|77864|77865|77866|77867|77868|77869|77870|77871|77872|77873|77874|77876|77877|77878|77879|77880|77881|77882|77883|77884|77885|77886|77887|77888|77889|77890|77891|77892|77893|77894|77895|77896|77897|77898|243159|77899|77900
1140|480131|508331|480125|508333
1011|515916
3|223293|204181|241969|223296|241971|241972|223300|241974|204188|223301|49204|204186|223291|241980|241981|241982|223297|241984|241985|241986|241987|241988|241989|223302|241991|241992|223303
1296|184595|184592|184591|184593
55|372650|369416|369407|372653|372654|372655|233322|372657|372658|372659|233328|372661|372662|369408|372664|372665|372666|372667|372668|233338|369402|233329|372672|372673|233333|372675|372676|372677|369400
1|1652|1648|1656|68690|68691|68692|68693|68694|68695|68696|68697|1665|68699|68700|68701|68702|68703|68704|68705|68706|68707|68708|68709|68710|68711|68712|68713|68714|68715|68716|68717|68718|68719|68720|68721|68722|68723|68724|68725|68726|68727|68728|68729|68730|68731|68732|68733|68734|68735|68736|68737
1421|515710
110|45774|45851|45852|45853|45854|45855|45856|45971|45972|45973|45974|46206|46207|46208|46209|46210|46211|46212|46387|46388|46390|46391|46392|46393|46394|46395|46396
5|195451|195452|195453|195454|195455|195456|195457|195458|195459|195460|195461|195462|195463|195464|195465|195466|195467|195468|195469|195470|195471|195472|195473|195474|195475
