2|36333|36334|36335|36336|36337|36338|36339|36340|36341|36342|36343|36344|36345|36346|36347|36348|36349|36350|36351|36354|36353|36356|36355|36358|36357|36360|36359|36362|36361|36364|36363|36366|36365|36368|36367|36371|36369|36373|36370|36374|36372|36375|36376|36377|36378|36379|36380|36381
4|15853|131264|131265|131266|131267|15861|131271|284027|131270|131272|131274|131269|284033|131276|131277|131278|131279|284038|131280|131281|131282|131283
68|77938|77939|77940|77941|77942|77943|77944|77945|77946|77947|77948|77949|77950|77951|77952|77953|77954|77955|77956|77957|77958|77959|77960|77961|77962|77964
1140|480108
3|239360|216857|216858|239363|239364|216861|216871|239367|239368|239369|239370|239371|204185|239373|239374|239375|239376|239377|239378
55|233323|233325|233326|369409|369415|375277|375278|375279|375280|375281|375282|375283|375284|375285|375286|375287|375288|375289
1|137847|137848|137849|137850|137851|137852|137853|1563|137855|137856|137857|137858|137859|137860|137861|137862|137863|137864|137865|137866|137867|137868|137869|137870|137871|137872
174|318162|318163|318164|318165|318166|318167|318168|318169|318170|318171|318172|318173|318174|318175|318176|318177|318178|318179|318180|318181|318182|318183|318184|318185|318186|318187|318188|318189|318190
110|126218|126219|126220|126221|126222|126223|126224|126225|126226|126227|126228|126229|126230|126231|126232|126233|126234|126235|126236|126237|126238|126239|126240|126242|126241|126243
5|172050|172051|172052|172053|172054|172055|172056|172057
