2|86323|86324|86325|86326|86327|86328|86329|86330|86331|86332|86333|86334|86335|86336|86337|86338|86339|86340|86341|86342|86343|86344|86345|86346|86347|86348|86349|86350|86351|86352|86353|86354|86355|86356|86357|86358|86359|86360|86361|86362|86363
4|136607|136608|136609|136610|136611|136612|136613|136614|136615|136616|136617|136618|136619|136620|136621|136622|136623|136624|136625|136626|136627|136628|136629|136630|136631|136632
68|78190|78191|78192|78193|78194|78195|78196|78197|78198|78199|78200|78201|78202|78203|78204|78205|78206|78207|78208|78209|78210|78211|78212|78213|78214|78216
3|230942|204187|230944|230945|216863|230947|230948|230949|230950|230951|230952|230953|230954|230955|230956
1296|515412
55|374804|374805|374806|374807|374808
1|68863|68864|68865|68866|1655|68868|68869|68870|68871|68872|68873|68874|68875|68876|68877|68878|68879|68880|68881|68882|68883|68884|68885|68886|68887|68888|68889|68890|68891
110|126280|126281|126282|126283|126284|126285|126286|126287|126288|126289|512903|515011|515012|515013|515707|515708|515709
993|399724|399725|399726|399727|399728|399729|399730|399731|399732|399733|399734|399735|399736|399737|399738|399739|399740|399741|399742|399743|399744|399745|399746|399747|399748|399749|399750|399751|399752|399753
5|230786|313006|313007|230776|313009|313010|314252|314253|314254|314255|314256|314621|314622|314623
