2|232217|227554|231790|232220|232221|231398|231902|230406|231832|228554|232227|231899|232229|231811|232231|232232|227549|227552|229114|231795|229139|231815|231838|229117|231794|231911|232243|231787|228551|229111|231786|231396|232249|231837|231898|230419|229110|231797|229128|232256|231407|230412|231810|231789|227565|231400|231912|231813|229135|228550|231822|227548|230411|228565|231824|232272|231834|227550|232275|231921|227559|230415
4|183242|183243|153917|156264|159273|159274|159278|159267|159284|123044|121773|153923|183254|183255|156285|183257|153919|123039|8552|183261|159279|183263|183264|156263|183266|112718|183268|183269|159286|183271|156278|183273|153915|183275|159283|183277|156272|156290|153921|156267|121777|159288|183284|183285|153926|183287|183288|183289|156271|183291|183292|159290|183294
532|357341|356512|513146|515746|515961
638|304652
68|360248|354599|335600|354617|335602|336152|335599|354600|336153|335601|335610|304465|354610|336157|335606|335613|335607|304462|336158|354613|304470|335605|335603|360274|360265|335617|184214|335616|335604|335615|360272|335612|360267|184952
1011|283548|131925|132316|132421|283552|283553|283554|283555|515635
3|298499|300201|300202|298500|300204|300205|300206|300207|300208|297344|49196|297362|300212|300213|297332|297336|297335|300217|298498|300219|297342|297334|311020|297328|297363|297330|306382|297349|290467|297331|290466|297352|314156
1296|164876|164902|164877|164903|164878|164904|167087
55|363998|355338|311125|273196|273195|336333|355841|273199|273341|355840|382960|247437|273198|364010|355839|364012|273339|382959|355837|273194
1|45931|45913|45915|46003|45914|45916|46006|45921|46008|46009|46010|46011|45924|46013|45926|45947|46016|45923|45930|46019|46020|46021|46022|46023|46024|45932|45912|46027|46028|46029|45925|46031|46032|46033|45928|45935|45918|46037|45920|46039|46040|46041|45927|46043|46044|46045|45934|46047|46048|46049|46050|46051|46052|46053|45929|45917|45919|46057|46058
1202|483943
1362|396027|396030|396028|396029|396031|396032
110|46483|338987|46529|47121|46430|46517|47124|46533|46515|46439|124831|46432|124830|46482|46520|124832|46429|47123|124834|46499|46434|46518|46445|47228|47119|46503|46426|46485|47227|124841|46428|47224|46523|166022|46530|124838|46506|46502|47226|46501|46507|124840|46500|46524|46504|502793|513435|515559
5|57839|104928|104860|104867|104931|104932|104933|104862|246050|246051|246052|104935|246054|245408|104863|104859|104938|104866|104939|246061|245411|245416|245413|104940|104864|104942|246068|104943|104944
