2|231530|231531|231532|231533|231534|231535|231536|231537|231538|231539|231540|231541|231542|231543|231544|231545|231546|231547|231548|231549|231550|231551|231552|231553|231555|231556|231557|231558|231560|231561
4|156263|156264|156265|156266|156267|156268|156269|156270|156271|156272|156273|156274|156275|156276|156277|156278|156279|156280|156281|156282|156283|156284|156285|156286|156287|156288|156289|156290|156291|156292|156293
68|304462|304463|304464|304465|304466|304467|304468|304469|304470|304471
1011|84533|84534|84535|84536|84537|84538|84539|84540|84541
3|306382|306383|306384
1296|164902|164903|164904|167087
55|364010|505849|505850
1|45933|46019|45920|46263|46264|46265|46266|46267|46050|46269|46270|46271
110|47119|47120|47121|47122|47123|47124|47221|47222|47223|47224|47225|510277|510278|510279|510280|510281|512973|515559
5|104931|104933|104939|246490|246491|104859|246493|246494|246495|246496|246497
