124|245206|245207|245208|245209|245210|245211|245212|245213|245214|245215|245216|245217|245218|245219|245220|245221|245222|245223|245224|245225|245226|245227|245228|245229|245230|245231|245232|245233|245234
2|227548|227549|227550|227551|227552|227553|227554|227555|227556|227557|227558|227559|227560|227561|227562|227563|227564|227565|227566|227567|227568|227569|227570|227571|227572|227573|227574|227575|227576|227577|227578|227579|227580|227581|227582|227583|227584|227585
4|159274|183271|183284|183713|183714|183715|183242|183717|183264|183719|183720|183294|183722|183723|183724|183725|183726|183727|183728|183729|183730|183731|183732|183289|183734|183735|183736
68|184214|184215|184216|184217|184218|304769|184219|184220
1011|132316
3|300204|394134|394135|394136|394137|394138|394139|394140
55|247842|247843|247844|247845|247846
1|45936|45917|45925|46028|46039|46043|46090|45931|46092|46057|46094|46095|45929|46097|46104|46098|46099|46100|46101|46102|46103|70249
110|46426|46427|46428|46429|46430|46432|46433|46434|46435|502793
5|104940|370636|246582|104932|245408|104860|360956|298610|360958
