2|231784|231785|231786|231787|231788|231789|231790|231791|231792|231793|231794|231795|231796|231797|231798|231799|231800|231801|231802|231803|231804|231805|231806|231807|231808|231809|231810|231811|231812|231813|231814|231815|231816|231817|231818|231819|231820|231821|231822|231823|231824|231825|231826|231827|231828|231829|231830|231831|231832|231833|231834|231835|231836|231837|231838|231839|231840|231841|231842|231843|231844
4|215321|215322|159283|183266|159278|8521|183263|215328|215329|215330|215331|183261|215333|215335|215336|159287|215338|215339|215340|215341|183291|215343|215344|183287|183257|183285|183275|215349|215350|215351|215352|215353|215354|215355|215356|215357|215358|215359|215360|215361|215362|215363|159290|215365
1150|515637
532|357341|513146|515746|515961
471|240862|240863|240864|240865|240866|240867|240868|240869|240870|240871
68|335599|335600|335601|335602|335603|335604|335605|335606|335607|335608|335609|335610|335611|335612|335613|335614|335615|335616|360272|335617|335618|335619|335620|335621
1011|283553
3|297325|49196|297327|297328|297329|297330|297331|297332|297333|297334|297335|297336|297338|297339|297340|297341|297342|297343|297344|297345|297346|297347|297348|297349|297350|297351|297352|297353|297354|297355|297356|297357|297358|297359|297360|297361|297362|297363|297364
1296|164876|164877|164878
55|311125|273194|273195|273196|273197|273198|273199|273200|273339|273340|273341|355336|355337|355338|355339|355340|355837|355838|355839|355840|355841
1|46272|46008|46274|45924|45922|46003|46006|46016|45923|45919|45930|46021|46284|46285|46286|45914|46288|46289|46052|46291|46292|46037|46294|46295|46296|46297|46298|46023|46300|46010|45912|46303|46304|46305|46032|46307|46024|46309|46310|46311|46033|46051|46314|46315|46316|46317|46318|46044|46320|46045|46322|46323|46324|46325|46326|46327|46328|46329|46330|46331|46332|46333|46334|46047|46336|46058|46338|46011|46340|46341
1202|483941
1362|396027|396028|396029|396030|396031|396032
110|124830|124831|124832|124833|124834|124835|124836|124837|124838|124839|124840|124841|124842|124843
5|104863|104861|105037|104943|104938|246305|105040|105041|105042|246309|105043|246311|246312|246313|246314|105044|246316|105045|105046|105047|246320|361065|105048|246322|246323|105049|246325|105050|105051|105052|246329|246330|105053|246332|246333|105054
1403|506230
