510|395862|395863|395864|395865|395866|395867|395868|395869|395940
2|229110|229111|229112|229113|229114|229115|229116|229117|229118|229119|229120|229121|229122|229123|229124|229125|229126|229127|229128|229129|229130|229131|229132|229133|229134|229135|229136|229137|229138|229139|229140|229141|229142
4|153912|153913|153914|153915|153916|153917|153918|153919|153920|153921|153922|153923|153924|153925|153926|153927|153928|153929|153930|153931|153932|153933|153934|153935|153936|153937|153938|153939
638|304652
68|336152|336153|336154|336155|336156|336157|336158|336159
3|300205|300206|300212|300208|356439|300201|300213|356442|356443|356444|356445|356446|356447|356448|356449|356450|356451|356452
55|247437|247438|247439|247440|247441
1|46167|46029|45926|45928|46171|45947|46173|45913|46175|46176|46177|46178|46179|46180|46181|46182|46183|46048|46185|46186|46187|46188|46189|46190|46191|46053|46193|46194
110|46481|46482|46483|46484|46485|46486|46487|46488|46489|46499|46500|46501|46502|46503|46504|46505|46506|46507|46508
5|104862|246804|246054|104935|246807|104867|246068|104942|246811|246812|246813|246814|246815|246816|246817|246818|246819|246820|246822|246823|246824|246825|246826
