2|6595|6596|6601|6602|6603|8247|8248|8249|8250|8251|8252|8253|8254|8255|8256|8257|8258|8318|8319|8320|8321|8322|8323|8324|8325|8326|8327|8328|8329|8330|8332|8333|8375|8376|8377|8378|8379|8380|8381|8382|8383|8384|9146|8385|8484|8485|8486|8487|8488|8489|8490|8491|8492|8493|9063|9064|9065|9066|9067|9068|9069|9070|9071|9072|9073|9074|9075|9076|9077|9078|9079|9080|9081|9082|9633|9634|9635|9636|9637|9638|9639|9640|9641|9642|9643|9644|10110|10111|10112|158988|10114|10115|10117|10118|10119|10120|10121|10122|10123|10124|10125
1366|10116|408446|408447|408453|408449|408454|408457|408452|408448|515793|515794|515795
4|299425|299426|299427|299428|299429|299430|299431|299432|299433|299434|299435|299436|300658|300659|300660|300661|300662|300663|300664|300665|300666|300667|300668|300669|300670|300671|300672|300673|300674|300675|300872|206931|291531|300875|206934|291532|300878|300879|206935|300881|206933|300883|206930|300885|300886|206947|206944|300920|300921|300922|300923|300924|300925|300926|300927|300928|300929|300930|300931|300932|300933|300934|301052|294855|301049|294858|301051|301053|294853|301055|294852|301057|294851|301059|294859|301061|294869|333985|333986|333987|329783|333989|333990|333991|333992|329792|333994|329815|333996|333997|329788|329798|334000|334001
1150|511140|515797
532|219338|296373|296374|296375|296379
1388|515662
68|30509|25233|25227|36032|25240|36034|36035|36036|25246|36038|36039|36040|36041|36042|36043|36044|36045|36046|36047|36048|36049|36050|25234|36719|25226|36721|36722|36723|36725|25247|36727|36728|36729|36730|36731|36732|36733|36734|36735|36736|36737|36738|37408|25231|25235|37411|25228|37414|25243|37417|37418|37419|37420|25238|25248|37423|37424|37425|37426|118647|37428|37429|37430|25241|25249|37557|37558|25239|25232|25236|37562|37563|37564|37565|37567|37568|37569|37570|37571|37572|37573|37574|37575|37576|37577|37578|25237|37675|37676|25242|25245|37680|37681|37682|37683|37684|37685|37686|37687|37688|37689|37690|25250|37713|30444|37719|37720|195244|195245|37722|37721|37723|37725|37726|37727|37728|37729|37730
1140|480123|506453
1011|131506|131507|131451|205638
3|201203|82162|201205|201206|201207|201208|49207|201210|201211|201212|201213|201214|201215|201216|201217|201218|201219|201220|204550|204551|204552|204553|204554|230915|230916|82167|230918|230919|82164|82163|82166|82165|319973|318376|319975|324681|316660|81294|356258|316659|310065|356262|316662|81292|356267|81293|316664|316663|391773|310066|49188|310084|391777|310064|310076|391780|391782|310067|310074|391785|310073|310075|391789|310068|310070|310078
55|161314|369119|158191|319649|320105|161311|161299|161319|161300|369127|161302|161308|161310|319650|156023|161316|369134|369135|369136|371195
1|158884|160445|160446|158892|160449|160450|160451|160452|160453|160454|158889|160456|158898|160458|160459|160460|158897|158886|160579|160580|158888|160582|160583|160584|160585|158887|160587|160588|160589|160590|158902|158899|158896|160594|160595|160596|160597|160598|158900|158891|160601|160602|160603|160604
110|65615|61133|60071|61155|60719|60723|59851|60720|60935|60813|60532|61053|60528|61139|61051|60536|61052|61149|60534|61058|61142|60538|61057|61143|60535|61055|61140|60537|61056|61151|60530|60531|60665|60666|60073|60812|60667|60814|60077|60670|60815|60080|60082|60078|60673|60820|65676|60669|60817|60072|60075|60672|60818|60097|60083|60668|60819|60084|60099|60671|60824|60102|60101|60094|60674|60096|60098|60991|60989|65709|60428|60987|60427|65713|61193|60995|60992|60431|60998|61002|65720|60993|60996|65723|61005|61000|60429|60994|60730|60938|61158|61159|60933|65774|60942|61156|60724|60733|60726|60936|60728|60722|60727|60729|60734|61162|61157|60738|60741|65790|60945|60742|60731|60943|60743|60939|60736|60739|60941
5|361080|407180|361082|361083|333349|333351|361086|361087|335221|361089|337316|361091|333352|333355|337317|333357|335218|322976|335215|328911|332781|332785|335234|335217|328914|335224|332784|335216|342340|324333|342341|342350|324338|342352|324342|324336|342344|342342|342375|322971|374159|336761|374162|322970|336759|336760|336770
