2|10110|158326|19571|10115|158329|10121|158331|158332|158333|158334|10118|158336|158337|158338|158339|158340|158341|19588|158343|158344|158345|158346|158347|158348|158349|158350|158351|158352|158353
1366|513148
4|360916|363898|333991|333987|333990|333996|363903|363904|363905|363906|363907|363908|363909|363910|363911|363912|334000|363914|363915|363916|363917|363918|363919|363920|363921|363922
68|37566|25239|25249|48248|48252|48250|37575|48253|48254|37571|48256|37563
3|316659|316660|316661|316662|316663|316664|316665|316666|316667|316668|316669|316670|316671|316672|316673|316674
1296|258241|258242|258243|258244|258245|258246|258247
55|515525|515526
1|158895|163704|163705|163706|163707|163708|163709|163710|163711|163712|163713|163714|163715|163716|163717|163718|160585
110|61193|68640|65713|65615|65709|65723|65720|68646|512894|512893|513684
5|332781|332782|332783|332784|332785|332786|332787|332788|332789|332790|332791|332792
