2|170205|19598|9069|170208|170209|170210|19573|19600|170213|170214|9073|170216|170217|170218|170219|170220|170221|170222|170223|170224|170225|19590|170227|9076|170229|170230|170231|170232|170233|170234|170235|170236|170237|170238|170239|9070|170241|170243|170244|170245|170246|170247|170248|170249|170250|170251|170252|170253|170254|170255|170256|170257|9072|170259|170260|170261|170262|170263|9074|170265|170266|170267|9078|170269|170270|170271|9080|170273|170274|170275|170276
4|313799|313800|313801|313802|313803|313804|301052|313806|300933|313808|313809|313810|300927|300926|313813|313814|300922|313816|313817|313818|300928|313820|313821|313822|300920|313824|313825|313826|313827|313828|300925|313830|313831|313832|313833|313834|313835|300930|313837|313838|313839|313840|313841|300931|313843|313844|300924|313846|313847|313848|313849|300921|313851|313852|313853|313854|313855|313856|313857|313858
1150|511140|515797
532|219338|296373|296374|296375|296376|296377|296378|296379|296380
68|25232|37689|25242|37681|47931|37684|47933|37682|25237|47936|37680|37686|47939|37683|47941|47942|25245|37688|37676|37690|47948|47949|47951|37558|37687
3|235007|49207|201206|201211|235011|235012|201210|235014|201207|201213|235017|235018|201212|201218|235021|201214|201203|201215|235025|235026|201216|201217|201208|201219|235031
55|161299|161300|161301|161302|161303|161305|161306|161307|161308|161309|161310|161311|161312|161313|161314|161315|161316|161317|161318|161319
1|161320|161321|160597|161323|158886|161325|161326|161327|160602|161329|161330|161331|160595|158880|160587|158897|161336|161337|158899|161339|161340|161341|161342|160601|161344|161345|161346|161347|160580|161349|158902|161351|161352|161354|161355|161356|161357|161358|161359
110|60719|60720|60721|60722|60723|60724|60725|60726|60727|60728|60729|60730|60731|60732|60733|60734|60735|60736|60737|60738|60739|60740|60741|60742|60743|60744|60745|60746|60747|60748|60749|60750
5|368381|361089|368383|368384|361086|368386|368387|368388|407180|368390|368391|361083|368393|368394|368395|368396|368397|368398|368399|361087|442411|361091|368403|368404|368405|368406|361080|368408|368409|368410|368411|368412|368413|368414|368415|368416|368417|368418
