2|163599|19584|163601|163602|163603|163604|163605|163606|19579|163608|10111|10120|10123|163612|163613|163614|163615|163616|163617|163618|163619|163620|163621|10124|163623|163624|163625|163626|163627|163628|10117|163630|163631|163632|163633|163634|163635|163636|163637|10114|163639|163640|163641|163642|163643|163644|163645|163646|163647
4|329783|329784|329785|329786|329787|329788|329789|329790|329791|329792|329793|329794|329795|329796|329797|329798|329799|329800|329801|329802|329803|329804|329805|329806|329807|329808|329809|329810|329811|329812|329813|329814|329815|329816|329817|329818|329819|329820|329821|329822|329823|329824|329825|329826|329827|329828
1388|515662
471|227052|227053|227054|227055|227056
68|25226|37557|37572|49074|37573|49076|25236|37564|49079|49080|37568|49082|49083|49084|49085|49086|49087|49088|49089|37577|49091|37565|37578|49094|49095|37576
3|356262|371918|371919|324681|371921|371922|371923|371924|371925|356267|356258|371928|371929
55|320550|320551|320552|320553
1|161704|161705|161706|158888|161708|161709|161710|161711|161712|161713|161714|161715|161716|161717|161718|161719|161720|161721|161722|161723|161724|161725|161726|161727|161728|161729
107|185897|185898|185899|185900|185901|185902|185903|185904|185905
110|60987|60988|60989|60990|60991|60992|60993|60994|60995|60996|60997|60998|60999|61000|61001|61002|61003|61004|61005|61006|61007|61008|61009
5|335215|335216|335217|335218|335219|335221|335222|335223|335224|335225|335226|335227|335228|335229|335230|335232|335233|335234|335236
