2|177501|8324|8325|8318|19569|177506|177507|8332|177509|8326|8333|177512|177513|177514|8319|177516|177517|177518|8329|177520|177521|177522|177523|8322|177525|8320|177527|177528|177529|8330|177531|177532|177533|8328|177535|177536|177537|177538|177539|177540|177541|177542|177543|224246|177544
4|299429|329297|329298|299430|299428|299427|299426|329303|329304|329305|299431|329307|329308|329309|299435|329311|329312|299432|329314|329315|329316|329317|329318
68|30509|36038|36034|25240|36039|36035|25233|48348|36041|48350|36043|36045|48353|36050|36049|36044|36040|36042|36048|48360
1011|131507|205638
3|313118|313119|313120|204554|204551|313123|313124|204553|313126|313127
55|373832|369119|369134|373835|373836|369127|373839|373840|373841|373842|373843|373844|369135
1|158881|163870|163871|160454|163873|163874|158885|163876|163877|163878|163879|163880|163881|163882|163883|163884|160458|163886|160450|158883|163889|163890|163891|163892|163894|163895|163893|163896|163897|163898|163899|163900|163901|163902|163903|163904|163905|163906
977|353988|353989|353990|353991|353992|353993|440320|353994|353995|353996|353997|353998|353999|354000|354001|354002|354003|354004|354005|354006|354007|354008|354009|354010|354011|354012|354013|354014|354015|354016|354017|354018|354019|354020|354021|354022|354023|354024
110|61133|61134|61135|61136|61137|61138|61139|61140|61141|61142|61143|61144|61145|61146|61147|61148|61149|61150|61151|61152|61153|61154|65823
1201|425032|425033|425034|425035|425036|425037|425038|425039|425040
5|336759|336760|336761|336762|336763|336764|336765|336766|336767|336768|336769|336770|336771|336772|336773|336774|336775|336776|336777|336778|336779
27|367636|367637|367638|367639|367640|367641|367642|367643|367644|367645|367646|447774|367648|367649|367650|367651
