2|9637|164906|9635|164908|164909|9640|164911|164912|164913|164914|164915|164916|164917|164918|164919|164921|164922|164923|9642|164925|9633|164927|9643|164929|164930|9644|164932|164933|164934|164935|164936|164937|164938|164939|164940|164941|164942|164943|164944|164945|164946|164947|164948|164949|164950
4|294851|294852|294853|294854|294855|294856|294857|294858|294859|294860|294861|294862|294863|294864|294865|294866|294867|294868|294869|294870|294871|294872
1142|86233|86234|86235|86236|87036|87037|87038|87039|87040|87041|87042|87043|87044|87045|87046|87047|87048|87049|87050|87051|87597|87598|87599|87600|87601
68|37725|30444|290002|37723|290004|37727|195051|37729|195052|37726|37728|195054|290012|290013|195055|37730
1140|480123
3|322241|230915|230919|230918|230916|322246|322247|322248
55|515100|514972|515102|515103|515104|515374
1|160675|160676|158896|160678|160679|160603|160681|160682|160683|160684|160685|160686|160583|160688|160689|160690|160691|160692|160693|160694|160695|160696|160697|160698|160699|160700|160701
110|61155|61156|61157|61158|61159|61160|61161|61162|65832|170286
5|333349|333350|333351|333352|333353|333354|333355|333356|333357|333358|333359|333360|333361|333362|333363
336|412664|412665|412666|412667|412668|412669|412670|412671|412672|412673|412674|412675|412676|412677|412678|412679
