2|210852|212021|212022|210853|212024|212025|210854|212027|212028|210855|210850|212031|212032|212033|212034|212035|212036|210857|212038|212039|212040|212041|210856|212043|212044|210859|212046|210851|212048|212049|212050|212051|212052|212053|212054|212055|212056|212057|212058|212059|212060|212061|212062|212063|402708|212065|212066|212067|210858|212069|212070|212071|212072|212073|212074|212075|212076|212077|212078|212079|212080|212081|212082|212083
4|80998|46633|8555|46631|81002|8524|46639|46641|46642|81007|81008|46636|81010|46632|81012|46630|81014|81015|81016|81017|81018|81019|46634|81021|81022|81023|46638|81025|81026|81027|81028|81029|81030|81031|81032|81033|81034|81035|81036|81037|81038|81039|81040|81041|81042|81043|81044|81045|81046|81047|46645|46640|81050|81051
1150|383493
532|399616|399617|399618|399619|399620|399621|399622|399623|399624|399625|399626|399627|399628|399629|399630|399631|399632|399633
68|219762|219763|219764|219765|219766|219767|219768|219769|219770|219772|219773|219774|219775
1011|131654|225347|225348
3|49202|364030|364037|366468|364033|364032|364036|364039|364038|364035|364034|366476|366477|366478|366479|366480|366481|366482
55|311136|400492|400493|400494|400495|400496|400205|400204|400499|103083|400501|400207|400208|400504|400505|400506|400507|400508|400509|400510|400511|400512|400513|400514|400515|400516|400517
1|350287|350290|350294|350291|350396|350288|350293|350399|350292|350286|350402|350403|350295|350405|350406|350297|350408|350409|350410|350411|350412|350413|350414|350298|350416|350417|350418|350419|350420|350296|350299|350424
110|383487|383488|383489|383491|383493|383494|383495|383496|383497|383499|383501|383502|383503|383490|512823|512827|512828|512830|512833|383492|383498|383500|513911|513912|514362|515803
5|358409|358410|358411|358412|358413|358414|358415|358416|358417|358418|358419|358420|358421|358422|358423|358424|358425|358426|358427|358428|358429|358430|358431|358432|358433|358434|358435|358436|358437|358438|358439|358440|358441|358442|358443|358444|358445|358446|358447|358448|358449|358450|358451|358452|358453|358454|358455|358456|358457|358458|358459
