2|188788|188789|188790|188791|139660|188793|139670|188795|188796|188797|188798|188799|188800|188801|188802|188803|188804|188805|188806|341310|276762|276761|341459|341209|276990|139673|278816|341464|278336|341466|278322|341468|278321|341470|276993|341472|278337|341763|278344|341765|139669|139666|278320|341769|278333|341771|295805|295806|295807|295808|295809|295810|295811|296119|296120|296121|139667|296123|296124|296125|296126|296127|296128|296129|306463|296130|296131|139662|298589|296133|314023|310706|367419|310708|334661|334662|334663|334664|139671|334666|334667|139663|334669|334670|334671|334672|334673|334674|139658|334676|334677|334678|334679|334680|334681|334682|334683
4|179765|180527|194333|180526|190816|196129|194327|196131|196132|180528|194324|180525|190818|190815|194322|190820|190822|180538|179761|196144|190835|180536|194336|190829|190826|192464|192466|179763|192476|192468|192473|197711|192470|192475|192480|192477|192478|179760|197718|192481|179770|8553|208191|208192|208193|179759|179762|208196|208197|179766|179757|208200|208201|208202|208203|208204|179755|208206|208208|208209|208210|208211
532|354499|441357|441358|441359|441360|354500|440205
68|454627|454631|453466|454625|456202|454734|456204|456205|453464|454637|454630|454636|454626|454773|454624|453462|454640|454628|454721|454632
1011|190006
3|27686|27715|27713|27611|27612|27607|27606|66631|27691|27687|27610|27724|27689|66751|66661|27693|27773|66557|27787|66559|264927|66560|128234|66561|266315|27774|128237|27770|27771|66565|27784|8032
55|252101|113360|113361|113364|113356|113359|252098|113363|113358|251731|252013|264737|252100|252021|113357|264111|252093|252092|113365|252104|251732
1|259872|259873|259874|216016|259876|259877|215969|259879|259880|259881|215995|259883|216010|215977|215973|216000|259888|259895|259891|259894|259890|259900|259901|259910|259896|265949|265950|265951|265952|265953|265954|265955|265956|265957|265958|265959|265960|265961|265962|22945|351828|313435|313432|313433|313440|313447|313438|313439|313437|313443|313449|313460|313434|313454|313463|359039|359043|359041|359038|359044|359042|359040|359045|359046|359047|359048|359049|510762
1257|451757|452013|452014|451765|451759|451763|451762
110|32855|210668|32941|125821|34237|32938|210673|34253|210675|32946|32943|125826|32865|125828|32870|32958|34342|32866|32947|32954|32957|32869|32860|32940|210691|32948|34241|32956|210695|32945|34349|32953|125823|32871|32955|32951|125829|513143|515114
5|294484|294487|296879|294483|296881|296882|294485|294492|296885|296886|294496|296888|294486|294488|294494|296892|296893|294495|294498|294502|296897|294499|294504|294491
