2|188793|337630|188791|188796|337633|139668|337635|139670|337637|337638|337639|338932|338933|338934|188800|338936|188799|188790|188798|338940|338941|338942|338943|338944|338945|338946|338947|188797|339503|339504|188802|339506|339507|339508|339509|188803|339511|339512|339513|188801|339515|339516|339517|339518|188805|188806|339521|339522|339523
4|179752|8522|179753|179763|192464|192465|192466|192467|192468|192469|192470|192471|192472|192473|192474|192475|192476|192477|192478|179760|192480|192481|192482|192483
1150|365285
532|354499|354500|354501|354502|354503|354504|354505|354506
68|453466|454734|454735
3|66565|27771|27787|27773|27783|128234|338862|66559|128237|266315|66572|66573|66576|66577|66578|66579|339448
55|113356|251729|251730|251731|251732|251733|251734|251735
1|265958|265951|265952|265949|279499|279500|265950|279502|279503|265953|265960|265962|265957|265955|279509|265959|265954|279512|279513|265956|265961|279516|279517|279518|279519|279520|279521|279522|279523|279524|279525|279526|22945
183|451308|451309|451379|451380|451381|451382|451383|451384|451385|451386|451387|451388|451389|451390|451391|451392|451393|451394|451395|451396
110|34237|34238|34240|34241|34242|34243|34244|34245|34246|34247|34248|34250|34251|34252|34341|34342|34343|34344|34345|34346|34347|34348|34349|34350|34351|34352
1341|456429|456430|456431|456599|456432|456433|456434|456435|456436|456437|456438|456439|456440|456441|456442|456443
5|294495|294484|296897|302675|296888|294488|296892|302679|302680|302681|302682|302683|302684|302685
