2|334664|334669|334983|334663|139672|334986|334672|334988|334989|334990|334991|334671|334993|334994|334678|139671|334666|334998|334999|334661|334680|334667|139663|139675|335005|335006|334662|335008|335009|335010|335011|335012|334670|334677|211119|335016|335017|335018|335019|335020|334676|334679|335023|334681|334682|335026|335027|335028|335029|335030|335031|334674|335033|335034|335035|335036|335037|335038|334683|335040
4|179764|179754|179751|180525|180526|180527|180528|180529|180530|180531|180532|180533|180534|180535|180536|180537|180538|180539
532|441358|441360
471|237061|237062|237063|237064|237065|237066|237067|237068|237069|237070|237071|237072
68|453463|454624|454636|454637|454629|454639|454640|454641|454642|454643|457862|454645
3|27770|66560|27774|66561|27789|264917|66557|66904|264920|264921|266328|264922|264923|264924|264925|264926|264927
55|113366|113361|252009|252010|252011|252012|252013|252014|252015|252016|252017|252018|252019|252020|252021|252022|252023|252024|252025|264192|252026|252027|252028|252029|252030|252031
1|313432|313433|313434|313435|313436|313437|313438|313439|313440|313441|313442|313443|313444|313445|313446|313447|313448|313449|313450|313451|313452|313453|313454|313455|313456|313457|313458|313459|313460|313461|313462|313463
110|32855|32856|32857|32858|32859|32860|32861|32862|465374|32864|32865|32866|32868|32869|32870|32871|32872|32873|32874|32867|80366|313455|515608|515609|515610
5|296879|294487|294490|297738|296893|297740|297741|297742|297743|297744|297745|297746|297747|297748
