2|341209|347873|139330|139673|341769|346920|346921|347879|346922|347881|347882|341470|346924|347885|341310|347887|341468|346927|347890|341466|346979|346772|346773|346774|347896|346931|346932|347899|347900|341763|341464|347903|347904|347905|347906|346934|346775|346936|346776|347911|346777|139666|346779|346941|346942|347917|346780|347919|347920|346781|341765
4|179756|194322|179761|194324|194325|194326|194328|194330|194329|194331|194333|179768|194335|194336|194337|194338
532|440205|440206|440207|440208|440209
68|453464|454773|454774|454775|454776|454777|454778|454779
1011|190006|190007|190008|190055|190056|190057|190058|190059|190060
3|27784|264162|264163|264164|264165|264166
55|113360|113365|264111|113367|264113|113359|264115
1|259890|259891|259892|259893|259894|259895|259896|259897|259898|259899|259900|259901|259902|259903|259904|259905|259906|259907|259908|259909|259910|259911|259912|259913|259914|259915|259916|259917|259918|510762
1257|451757|451758|451759|451760|451761|451762|451763|451764|451765|451766|451767|451768|451769
110|268429|210668|268431|210691|268433|268434|210673|268436|59826|268438|210695|499042|268442|268437|210675|268441|499047|268444|268448|499050|499051|268447|499053|268450|268452|268449|268451|499058|268453|499060|499061|505361|268445|268446
5|294497|294491|294486|294503|294504|294492|294493|294502|300745|294500|300747|300748|300749|300750|300751
