1284|400763|400764|400765|400766|400767
2|28296|28297|28298|28299|28300|28104|28302|28303|28304|28305|28306|28307|28308|28309|28310|28311|28312|28313|28314|28315|28316|28317|28318|28319|28320|28112|28322|28323|28324|28325|28326|28327|28113|28329|28330|28331|28332|40098|34395|40100|40101|40102|40103|34412|27808|40106|24412|34288|27859|40110|40111|27858|34744|24417|40115|40116|34407|28211|40119|40120|27863|34290|24410|27807|35066|34739|27867|40128|40129|24415|34405|40132|34746|24630|44893|44894|27881|24507|44897|28288|24295|22483|44901|25096|24632|44904|22488|27884|28277|25104|44909|28282|24291|44912|44913|44914|25093|24288|44917|24626|44919|54718|26873|54720|54721|27005|36537|54724|22656|54726|29245|27013|26871|54730|29229|54732|27010|28285|29213|37049|27004|54738|36543|54740|27000|54742|36539|27017|27970|54746|37038|28162|54749|36130|23050|54752|54753|54754|23058|54756|54757|54758|36121|54760|54761|54762|54763|54764|54765|54061|57843|57844|57845|38284|57847|54041|38285|57850|38291|57852|28160|38302|54040|57856|28291|38300|57859|57860|54058|38290|57863|38304|57865
4|38887|35322|38889|38890|38891|38892|38893|37743|37737|38896|38897|38898|35328|35335|38901|35330|38903|38904|37748|38906|38907|35338|38909|38910|39139|39140|8536|39142|39143|35339|39145|39146|39147|35331|39149|35325|39151|39152|39153|39155|35337|35343|39158|35341|37733|37735|37079|37734|8531|37076|8540|39183|37081|39185|39186|37747|37746|39189|39190|39191|39192|39193|39194|39195|39196|39197|37084|37738|39200|37096|37751|39203|35607|8543|39250|35609|8512|35611|39254|35615|35629|35613|35622|35608|39260|39261|35633|35612|35616|39265|35617|35620|35626|39269|35624|39271|39272|35614|37080|37077|37101|39302|39303|37089|37082|37100|35329|39309|35631|39311|39312|39313|37099|39316|39317|37078|39466|39467|39469|35334|37088|39472|39473|37091|39476|39477|37093|37097|39481|37075|39483|37102|39485|39486
1150|515748
189|509530|509511
532|417759|219329|219326|417762|417763|417764|417765|417766|417767|406805|219315|219334|515316
1388|515658|515659
1374|415128
638|515112
68|31680|31681|31682|31683|31684|31685|31686|31687|31688|31689|31690|31691|31692|31693|31694|31695|31696|31697|31698|31699|31700|31701|31728|31729|31733|31768|59349|59350|31770|31786|31776|31777|31829|31954|31782|31787|31785|31779|31788|31783|31789|31780|59365|59366|59367|31772|31873|31824|31825|31834|31774|31826|59408|59409|59410|31819|31837|31835|31836|31827|59416|59417|31790|31884|31767|31778|31857|31799|59429|31784|31800|31964|31810|59436|31807|31771|59440|59441|59442|59443|31860|31808|31797|31812|31858|31794|59478|32071|31850|32070|32073|32067|59641|32072|515704|515941
1011|132313|511306|513504|513505
3|38838|38839|38840|38841|38842|38843|38844|38845|38846|38847|38848|38849|38850|38851|38852|38853|38854|38855|38856|38857|38858|38859|55019|55173|55139|55175|143583|55472|55187|55183|55174|55177|143589|55172|55148|55189|55145|55180|163003|178256|178257|178258|63500|69095|163017|178262|163011|178264|63501|163015|63505|178268|163008|163009|49211|55288|112532|178988|261683|261684|178981|261551|261157|115798|55359|55154|55404|115799|55400|115806|56191|63565|63679|55402|55155|115808|55405|38223|38743|38744|38229|38226|38236|38235|38240|38232|38234|38752|38753|38224|38242|38241|38237|38244|38239|38243|38762|38763|38246
1296|124844|128525|128564|187740|128540|124847|187818|187819|128575|187943|187944|187945|187971|187972|187973|187974|188053|188054|188055
55|21197|17256|20741|17260|17255|19559|17329|20811|17257|20817|17331|20819|20820|17259|20822|20823|20824|20743|20826|20747|19823|20829|19824|20776|21591|20803|19825|21594|21595|20800|19563|19819|22045|22062|19807|19822|19821|22068|22069|22086|22088|22089|21549|20772|20775|21552|21554|20799|21556|21557|21558|21559|21560|21561|19566|20798|20742|21313|21314|21315|21518|21519|21520|21521|21522|21523|20777|21525|21526|21527|21528|21529|109147|109148|109134|109310|109138|109322|109146|109135|109319|109137|109149|109143|109327|109330|109917|145920
1|56717|56699|52771|63971|52774|191878|52769|52789|52788|194226|194227|52787|51877|194230|62960|59806|52772|52790|191881|52786|51878|194238|62963|52777|56702|51882|52796|63981|61444|61445|61466|61450|194271|61940|58099|194274|58109|194278|61964|194281|62535|194283|59860|194286|61939|58120|52794|56540|52792|194292|61935|60623|198350|56790|60762|61936|56532|61934|61943|60626|56353|61938|56537|198362|56927|56535|61948|61941|198367|60752|59750|61961|61966|61967|61944|60633|61972|61983|192092|56536|198381|59746|198383|56356|59756|60646|199246|58092|58098|58089|58091|58093|58095|199253|58114|58104|58094|58105|58112|58118|58116|58126|58107|58135|58133|58115|58125|58130|58119|62686|60912|62688|62529|57212|62701|60903|62695|62537|52136|57227|62692|60905|62707|62532|62703|62708|62714|62724|57249|57258|62538|62539|62739|62533|62528|200033|59891|63077|62168|59856|60487|60173|63079|59858|59863|63082|63088|63096|60486|62175|60489|60191|60495|60491|60488|61438|63352|192071|50945|63896|69160|63356|61447|192074|54980|61441|192843|52501|63355|63353|50944|192848|61461|61449|192851|61471|63364|63357|61452|63367|61462|63366|63362|61460|61472|61463|61459|63376|61467|192866|63370|63384|52493|54987|63887|79636|192089
524|449212|449492|449491|450696|449214|449493|450699|449494|449216|449213|449218|449215|450705
54|428408|428409|428410|428411|428412|428413|428414|428415|428416|428417|428418|428419|428420|428421|428422|428423|428424|428425|428426|428427|428428|428429|428430|428431|428432
110|66826|66797|66796|66825|66804|273980|66828|66817|66814|66836|66830|66821|66801|273988|66798|66806|66824|66829|66811|66823|66819|66813|66809|66808|66818|66831|66832|66838|66837|66839|66990|66876|112645|66989|66880|106793|66993|106821|66879|66992|82352|112647|66877|66991|106799|66882|112648|67002|106817|66881|82366|67000|274858|66897|66997|106796|66889|67008|106839|52646|86368|53466|52644|54117|86369|53467|83998|53323|54091|84001|52650|112250|52649|275037|52658|85116|84006|52654|54095|53472|53792|54112|53794|86387|84007|86377|103754|53934|53935|127554|50558|53937|53936|50561|103762|53941|66849|50560|103778|127551|50562|53947|127555|103776|53948|50566|53945|53942|53949|53944|66858|53950|67033|67312|53316|67014|53317|53318|67036|406571|53397|53878|67024|53343|127611|127604|275420|67023|67037|53336|255292|67043|53394|67042|67021|67020|53347|67015|53370|53321|67022|127568|66926|127571|162886|54031|66925|162888|127576|66922|162895|127596|162901|127597|127579|127588|66921|127583|127599|274134|66927|274136|515948
1063|494046|494047|494048|494049|494050|494051|494052|494053|494054|494055
1309|431286|431287|431288|431292|431293|431294|431295|431298|431300|431301|431303|431317|431305|431308|431309|431310|431311|431312|431313|431314|431315|431319|431320|431321|431322|431323|431324|431562|431563|431564
1386|512169|512170|512171|512172|512173
5|108237|109263|110194|128127|26918|128105|103308|108241|108240|112452|108235|108239|108248|108249|128112|108255|108236|109266|108245|108250|108251|129639|108238|126842|124698|124135|101294|108885|124690|126866|128111|101301|126838|124692|126847|126840|126837|101296|126852|101302|128121|101298|186878|186260|186880|186881|186289|186883|186285|186286|186275|186255|186257|186278|186279|186269|186259|186277|186283|186247|186274|186282|186898|186258|186256|186280|186245|186904|186905|186264|186907|186290|186246|186251|186276|127351|110195|127349|127359|127353|127354|112325|245290|110198|127348|127361|127366|127347|127345|127363|245298|109806|109807|109808|127346|110199|112451|124660|123909|124656|101573|101577|124659|101574|101579|244685|124662|225958|124134|124683|124684|225955|112139|124685|225965|124689|124681|124682|124136|225960|124657|112136|225957|244680|112140|112146|124137|510824
