2|54766|54767|54768|54769|54770|54771|54772|28211|54774|54775|54776|40132|54778|54779|54780|54781|54782|54783|40101|54785|54786|54787|54788|54789|54790|54791|54792|54793|54794|54795
4|8540|119583|37735|37747|39191|119587|119588|119589|37744|39185|119592|119593|119594|119595|119596|119597|119598|119599|119600|119601|119602|119603|119604|119605|119606|119607|119608|119609|119610|119611|119612|119613|119614|119615|119616|119617|119618|119619
532|219311|418426|418427|418428|418429|418430|418431|418432|418433
68|31771|59429|62996|62997|62998|62999|63000|63001
1011|131508|507618|507619
3|38841|55334|55335|55336|55337|55338|38852|55340|55341|55342|55343|55344|55345|55346|55347|55348|55349|55350|55351|55352|55353|55354|55355|55356|55357|55358
55|112660|20826|112662|112663
1|60751|60752|60753|60754|60755|60756|60757|60758|60759|60760|60761|60762|60763|60764|60765|60766|60767|60768|60769|60770
110|86368|86369|86370|86372|86373|86374|86375|86376|86377|86378|86379|86380|86381|86382|86383|86384|86385|86386|86387|86388|86389|86390|86391|86392|86393|86394|86371
5|112448|112449|112450|112451|112452|112453|112454|112455
