2|23050|23051|23052|23053|23054|23055|23056|23057|23058|23059|23060|23061|23062|23063|23064|23065|23066|23067|23068|23069|23070|23071|23072|23073|23074|23075|23076|23077|23078|23079|23080|23081|23082|23083|23084|23085|23086|23087|23088|23089
4|37080|37100|39313|35631|39552|39553|39554|39555|39317|39557|39559|39560|39561
532|219329|515318|515319
68|284017|284019
3|63500|63501|63502|63503|63504|63505|63506|63507|63508|63509|63510|63511|63512|63513|63514|63515|63516|63517|63518
55|21313|113216|21518|21521|113219|113220|113221|113222|113223|113224|156224|156225
1|52135|52136|52137|52138|52139|52140|52141|52142|52143|52144|52145|52146|52147|52148|52149|52150|52151|52152|52153|52154|52155|52156|52157
110|51766|51767|51768|51769|51770|51771|51772|51773|51774|51775|51776|51777|51778|51779|51780|51781|51782|51783|51784|51785|51786|51787|51788|51789|51790|51791|51793|51794|51795|51797|51798|51799|51800|51803|51804
1063|494050
5|101573|101574|101575|101576|101577|101578|101579|101580|101582
