2|97152|97153|97154|28284|97156|97157|28293|97159|97160|97161|97162|97163|97164|97165|97166|97167|97168|97169|97170|97171|97172|97173|97174|97175|97176|54730|97178
4|8505|35339|81239|81240|81241|81242|39158|81244|81245|39149|81247|81248|81249|81250|81251|81252|81253|81254|81255|81256|81257|81258
1223|440259|440260|435478|440262|440263|440264|440265|440266|59817|435473|435475|435476|435477|435479|435480|435481|515955|515956|515957|515958|515959
68|31827|59408|63481|31835|63483|63484|63485|63486|63487|63488|63489|63490|63491|63492|63493|63494|63495|63496|63497|63498|63499
3|55472|55473|55474|55475|55476|55477|55478|55479|55480
55|201733|201734|201735|201736|201737
1337|403041|403042|403043|403044|403045|403046|403047|403048|403049|403050|403051|403052|403053|403054|403055|403056|403057|403058|403059|403203|403061
1|63970|63971|63972|63973|63974|63975|63976|63977|63978|63979|63980|63981|63982|63983|63984|63985|63986|63987|63988|63989|63990|63991|63992|63993|63994|63995|63996|63997|63998|63999
110|67053|67054|67055|67056|67057|67058|67059|67060
5|124690|124691|124692|124693|124694|124695|124696|124697
