2|54758|64455|28162|64457|64458|54761|54754|64461|64462|64463|64464|64465|64466|64467|64468|64469|64470|64471|64472|64473|64474|64475|64476|64477|64478|64479|64480|64481|64482
1310|420166|420167|420168|420169|420170|420171|420172|420173|420174|420175|420176|420177|420178|420179|420180|420181|420182|420183|420184|420185|420186|420187
4|79240|39311|79242|79243|39302|79245|79246|79247|79248|79249|79250|79251|79252|79253|79254|79255|79256|79257
532|512576|513508|513950
68|31858|283952|283953|283954|283955|62324
3|263508|263509|263510|263511|263512|263513|263514|263519|266263|261160|178258|263518|263515|263520|263521|263522|263523
1296|187972|515393|515590
55|21314|113868|21520|21527|113871|113872|164362|164363
1|60903|60904|60905|60906|60907|60908|60909|60910|60911|60912|60913|60914|60915|60916|60917|60918|60919|60920|60921|60922|60923|60924|60925|60926|60927|60928|60929|60930|60931
110|66917|66918|66919|66920|66921|66922|66923|66924|66925|66926|66927|66928|66929|66930|66931|66932|66933|66934|66935|66936|66937|66938|66940|66941|66942|66943|66944|66945|66946|66947|66948|66949
1309|431294|431442|431443|431444|431445|431446|431316|431448
5|123909|123910|123911|123912|123913
1379|513499|513782|513783|513784|515110|515111|515336|515337|515338|515339
