2|54040|54041|54042|28163|54044|54045|54046|54047|54048|54049|54050|54051|54052|54053|54054|54055|54056|54057|54058|54059|54060|54061|54062|54063|54064|54065|54066|54067|54068|54069|54070|54071|54072|54073|54074|54075|54076|54077|54078|54079|54080|54081|54082|54083|54084|54085
4|37075|37102|39485|79213|79214|79215|37097|79217|39467|79219|79220|79221|79222|79223|79224|79225|79226|79227|79228|79229
502|425182|425183|425184|425185|425186|425187|425188|425189|425190|425191|425192|425193|425194|425195|425196|425197|425198|425199|425200
68|512185|515941|515945
3|261683|263251|261157|263253|263254|263255|263256|263257|263258|263259|263260|263261|263262|263263
55|20772|225713|157279|157280|157281|157282|157283|235325
1|60486|60487|60488|60489|60490|60491|60492|60493|60494|60495|60496|60497|60498|60499|60500|60501|60502|60503|60504|60505|60506|60507|60508|60509|60510
524|449287
1285|429093|429094|429095|429096|429097|429098|429099|429100|429101|429102|429103|429104|429105|429106|429107|429108|429109|429110|429111|429112|429113
110|66876|66877|66878|66879|66880|66881|66882|66883|66884|66885|66886|66887|66888|66889|66890|66891|66892|66893|66894|66895|66897
5|510367|510368|510421|510422|54074|510424|510425|510426|510427|510428|510429|510430|510431|510432|510433|510434
