2|28161|28158|125377|57843|125379|125380|125381|125382|125383|125384|57852|125386|125387|125388|125389|125390|125391|125392|125393|125394|125395|125396|125397|125398
4|35329|78060|78061|78062|39473|78064|78065|78066|37088|78068|78069|78070|78071|78072|78073|78074|78075|78076|78077|78078|78079|78080
532|418019|418020|418021|418022|418023|418024
68|31680|31690|31689|32001|32002|31693|31698|32005|31729|32007|32008|32009|32010|32011|32012|31696|31695|32015|32016|32017|31700|32019|32020|31699|32022|32023|32024
1011|513504|513505
3|55288|55289|55290|55291|55292|55293|55294|55295
55|20799|21561|53830|21556|53832|53833|53834
1|60171|60172|60173|60174|60175|60176|60177|60178|60179|60180|60181|60182|60183|60184|60185|60186|60187|60188|60189|60190|60191|60192|60193|60194|60195|60196|60197|60198|60199|60200|60201|60202|60203|60204|60205|60206|60207|60208|60209|60210|60211|60212
172|427420|427421|427422|427423|427424|427425|427426|427427|427428|427429|427430
110|106792|106793|106794|106795|106796|106797|106798|106799|106800|106801|106802|106803|106804|106805|106806|106807|106808|106809|106810|106811|106812|106813|106814|106815|106816|106817|106818|106819|106820|106821|106822|106823|106824|106825|106826|106827|106828|106829|106830|106832|106833|106834|106835|106836|106837|106838|106839
1309|507797|507798|507799
5|225955|225956|225957|225958|225959|225960|225961|225962|225963|225964|225965|225966|225967|225968|225969|225970|225971|225972|225973|225974
