2|27807|27808|27809|27810|27811|27812|27813|27814|27815|27816|27817|27818|27819|27820|27821|27822|27823|27824|27825|27826|27827|27828|27829|27830|27831
4|45307|45308|37741|39183|45311|45312|45313|45314|45315|45316|45317|45318|45319|45320|45321|45322|45323|45324|45325|45326|45327|45328|45329|45330|45332|45333
68|31778|61985|59440|61987|61988|61989|61990|61991|61992|61994|61995|61996|61997|61998|61999|62000|62001
1011|132313
3|38844|262574|262575|262576|262577|262578|262579|262580|262581|262582|262583|262584|262585|262586|262587|262588|262589|262590|262591|262592
55|158157|19825|19817|158160|158161|235481|19810|19565|158163
1|56353|56354|56355|56356|56357|56358|56359|56360|56361|56362|56363|56364|56365|56366|56367|56368|56369
107|432861|432862|432863|432864|432865|432866|432867|432868|432869|432870|53482|432872|432873|432874|53488|432876|432877|432878|432879|438977|432881
110|53466|53467|53468|53469|53470|53471|53472|53473|53474|53475|53476|53477|53478|53479|53480|53481|53483|53484|53485|53486|53487|118305|118306
5|109591|109592|109593|109594|109595|109596|109597
