2|27857|27858|27859|27860|27861|27862|27863|27864|27865|27866|27867|27868|27869|27870|27871|27872|27873|27874|27875|27876|27877|27878|27879
4|37746|37734|45526|45527|39193|45529|45530|45531|45532|45533|45534|45535|45536|45537|37753|45539|45540|45541|45542|45543|45544|45545|45546|45547|45548
532|412586|412587|412588|219299
68|31961|31784|31688|31964|31965|31966|31967|31968|31969|31970|31971|31972|31973|31974|31975|31976|31977
3|56177|56178|56179|56180|38849|56182|56183|56184|56185|56186|56187|56188|56189
1296|128525|187943|267668|267669|267670|267735
55|113940|19809|17260|19813|113944|113945|113946|113947|113948|113949|113950|113951
1|56532|56533|56534|56535|56536|56537|56538|56539|56540|56541|56542|56543|56544|56545|56546|56547|56548|56549|56550|56551|56552|56553|56554|56555|56556|56557|56558|56559|56560
110|53788|53789|53790|53791|53792|53793|53794|53795|53796|53797|53798|53799|53800|53801|53802|53803
1309|431295|431309|431366|431367|431368|431369
5|109805|109806|109807|109808|109809|109810|109811|109812|109813|109814|109815|109816|109818|109819|109820|109821|109822|180051
