2|28276|57863|66062|28291|66064|66065|66066|66067|57850|66069|66070|66071|66072|66073|66074|66075|66076|66077|66078|66079|66080|66081|66082|66083|66084|66085|66086|57845|66088|66089|66090|66091
4|416227|79259|79260|79261|35334|35327|79264|79265|79266|79267|79268|79269|39481|35340|79273|79274|79275|79276|79277|79278|79279|79280|79281|79282|79283|79284|79285|79286|79287|79288|79289|79290|79291|79292
532|515316
68|95570|95571|95572|95573|95574|95575
3|263629|263630|261551|261684|263633|263634
55|21557|21558|21549|89756|21559|89758|89759|89760|89761|104440|89762|19566
1|62168|62169|62170|62171|62172|62173|62174|62175|62176|62178|62180|62181|62182|62184|62185|62186|62187|62188|62189|62190|62191|62192|62193|62194|62195|62196|62197|322127
107|448738|448739|448740|448741|448742|448743|448744
110|112645|112646|112647|112648|112649|112650|112653|112654|112655|112656|112657|112658|112659
1334|448981|448982|515328
1309|431296|431563|432298|432299|431310|432301
5|124134|124135|124136|124137|124138|124139|124140|124141|124142|124143
