2|28278|28281|37038|37039|37040|37041|37042|37043|37044|37045|37046|37047|37048|37049|430112|37051|37052|37053|37054|37055|37056|37057|37058|37059|54724|111078|111079|111080|111081|111082|111084|111085|111088|111090|111091
4|8536|75719|35331|39151|75722|75723|75724|75725|75726|75727|75728|75729|75730|75731|75732|75733|75734|75735|75736|75737|75738|75739|75740|75741|75742|75743|75744|76537|76542
1224|435473|59817|435475|435476|435477|435478|435479|435480|435481
68|59410|62361|59417|62363|31834|62365|62366|62367|62368|62369|62370|62371|62372|62373|62374|62375|62376|62377
1011|511306
3|263164|143589|261553|263167|263168|263169|263170
55|17331
1|59806|59807|59808|59809|59810|59811|59812|59813|59814|59815|59816|59818|59819|59820|59821|59822|59823|59824
110|127551|127552|127553|127554|127555|127556|127557|127558|127559|127560|127561|127562|127563|127564|127565|127566|127567
5|124106|124107|124108|124109|124110|124111|124112|124113|124114
