2|27881|27882|27883|27884|27889|27890|27891|27892|27893|27894|27895|27896|27897|27898|27899|27900|27917|27918|27919|27920|27921|27943|27944|27945|27946|27947|27948|27949|27950|27951|27952|27953|27954|27955|27956|27957|27958|27959|27960|27961|27962
4|48856|48857|48858|48859|48860|48862|48863|48864|48865|48866|48867|48868|48869|48871|48872|48873
68|31978|31979|31776|31981|31982|31983|31984|31985|31986|31987|31988|31989|31990|31991|31992|31993|31994|31995|31996|31997
3|56190|56191|56192|56193|56194|56195|56196|56197|56198|56199
55|177557|177558|177559|177560|177561|177822|22062|177824|177825
1|69160|62846|62847|62848|62849|62850|62851|62852|62853|62854|62855|62856|62857|62858|62859|62860|62861|62862|62863|62864|62865|62866|62867|62868|62869|62870|62871|62872|62873|62874|62875|62876|62877|62878|62879|62880|62881|62882|62883|62884|62885|62886
524|450705
110|53878|53879|53880|53881|53882|53883|53888|53885|53886|53887|53889|53884|53890|53892|53893|53894|53895|53896|53898
1393|506840|191866|27954|506843|506844|506845|506846|506847|506848|506849|506850|506851|506852|506853|506854|506855|506856|506857|506858|506859
5|128112|485630|485631|485632|485633
