2|66434|28296|66436|66437|66438|28111|66440|28089|28100|28306|66444|66445|28297|66447|66448|28103|66450|66451|28102|66453|28108|66455|28106|66457|66458|66459|66460|66461|28110|66463|28315|66465|66466|66467|66468|28312|66470|66471|28311|66473|66474|66475|66476|28101|66478|66479|28327|66481|66482|66483|66484|28105|66486|66487|66488|66489|66490|66491|177055|177056
4|8512|35607|35610|35609|35611|35613|8543|35615|39260|35608|39272|39254|35622|35624|35617|35629|35612|35616|39261|35626|39269|35633|39271
532|219325|406790|406791|406792|219307|406794|219328|406796|219324|406798|406799|406800|219317|406802|406803|406804
1388|515659
1374|415128
68|31794|31797|31801|31803|31733|62314|31808|62316|59409|62318|31812|62320|62322|62323|62324|62325|62326|59478
3|38224|38223|27767|38225|40465|38744|38227|38228|38230|38233|38226|38232|40473|38231|38237|38235|38234|38752|38244|38236|38229|40483|40484|38241|38240|38763|40488|38762|40490|38239|38243|38246|40494
1296|124844|128540|216030|187974|32979|216033|216034|188054|216141|216142|216143
55|109305|109306|17215|109135|109144|109310|109141|109312|109146|109143|109134|109147|109138|20824|109319|109137|20829|109322|109148|109139|109149|109326|109327|109328|109329|109330|145920
1|58086|58087|58088|58089|58090|58091|58092|58093|58094|58095|58096|58097|58098|58099|58100|58101|58102|58103|58104|58105|58106|58107|58108|58109|58110|58111|58112|58113|58114|58115|58116|58117|58118|58119|58120|58121|58122|58123|58124|58125|58126|58127|58128|58129|58130|58131|58132|58133|58134|58135|58136|58137|58138|58139|58140|58141|58142|58143
524|449491|449492|449493|449494|449495
54|428414|428415|428409|428410|428420|428417|428419|428413|428422|428418|428421|428425|428424|428427|428429|428605|428431|428428|428432
110|66796|66797|66798|66799|66800|66801|66802|66803|66804|66805|66806|66807|66808|66809|66810|66811|66812|66813|66814|66815|66816|66817|66818|66819|66820|66821|66822|66823|66824|66825|66827|66828|66829|66830|66831|66832|66833|66834|66835|66836|66837|66838|66839|66840|66841|66842|66843|66844|66845|66846|66847|66848|515948
1063|494056|494046|494058|494049|494060|494055|494062|494063|494053|494065|494066|494051|494068|494069|494070
339|494204|494205
1309|431298|431287|431303|431315|431319|431314|431987|431988|431312|431564
1386|512174|512175|512176
5|186242|186243|186244|186245|186246|186247|186248|186249|186250|186251|186252|186253|186254|186255|186256|186257|186258|186259|186260|186261|186262|186263|186264|186265|128121|186267|186268|186269|186270|186271|186272|186273|186274|186275|186276|186277|186278|186279|186280|186281|186282|186283|186284|186285|186286|186287|186288|186289|186290|186291|186292|186293|186294|186295
