2|154018|28157|154020|154021|154022|154023|154024|28169|154026|40098|154028|154029|40103|154031|154032|154033|154034|40106|154036|154037|154038|154039|154040|154041|154042|154043|154044|154045|154046|40128|154048|154049|154050|154051|154052|154053|154054|154055|154056|154057|154058|154059|154060|154061|154062|429759|154064|154065|154066|154067|154068|154069|154070|154071|154072|154073|154074|154075|154076|154077|154078|154079|154080|40120|154082
4|50413|37079|50415|50416|39196|50418|50419|39194|50421|37096|37076|39190|50425|50426|37095|50428|50429|37084|50431|50432|50433|48812|50435|50436|35632
1136|448887
532|419527|419528|419529|419530|419531|419532|219326|419534|419535|419536|419537|419538|419539|419540|419541|419542
1135|422631|422632|422633|422634|422635|422636|422637|422638|422639|422640|422641|422642|422643|422644|422645|422646|422647|422648|422649|422650|422651|422652|422653|422654|422655|422656
68|31799|62663|31857|59441|62666|31829|62668|31819|62670|59443|62672|62673|31692|31860|62676|62677|62678|62679|62680|62681|62684|62685
3|55230|38838|55232|55233|55234|55235|55236|55237|27781|55239|55240|55241|55242|38848|38843|55245|55246|55247|55248|55249|55250|55251|55252|55253|55254|55255|55256|55257|55258|55259|55260|55261|55262|55263|55264|55265|55266|55267|55268|55269|55270|55271|55272|55273|55274|55275|55276|55277|55278|55279|55280|55281|55282|55283|55284|55285|55286
1296|187818|128575|266094|266095|188055|266097|188053|266099|266100
55|94807|20738|20774|94810|20804|94812|94813|94814|19811|94816|94817|94818|94819|94820|94821|20800|94859|20806|94861|94862|94863|94864|94865|21594|94867|21197|94869|94870|94871
1|61934|61935|61936|61937|61938|61939|61940|61941|61942|61943|61944|61945|61946|61947|61948|61949|61950|61951|61952|61953|61954|61955|61956|61957|61958|61959|61960|61961|61962|61963|61964|61965|61966|61967|61968|61969|61970|61971|61972|61973|61974|61975|61976|61977|61978|61979|61980|61981|61982|61983
524|449212|449213|449214|449215|449216|449217|449218|449219
1339|425364|425365|425366|425367|425368|425369
110|54086|54087|54088|53323|54090|54091|54092|54093|54095|54096|54097|54098|54099|54100|54102|54103|54104|54105|54106|54107|54108|54109|54110|54111|54112|54113|54114|54115|54116|54117
5|127345|127346|127347|127348|127349|127350|127351|127352|127353|127354|127355|127356|127357|127358|127359|127360|127361|127362|127363|127364|127365|127366|127367|127368|127369|127370|127371|127372|127373|127374|127375|127376
