2|34395|34396|34397|28219|34399|34402|34401|34404|28206|34406|34405|34408|34407|34410|34409|34412|34411|34414|34413|34739|34738|34741|34740|34743|34742|34745|34744|34747|34746|34749|34748|34751|34750|34753|34752|34755|34754|34757|34756|35041|35040|35043|35042|35045|35044|35047|35046|35049|35048|35051|35050|35053|35052|35055|35054|35057|35056|35059|35058|35061|35060|35063|35062|35064|35065|35066|35067|35068|35069|35070|35071
4|38892|39189|37738|49522|49523|49524|49525|49526|49527|39197|49529|49530|49531|49532|49533|49534|49535|49536|49537|49538
532|219315|417994|417995|417996|417997|417998|417999|418000|418001|418002|418003
68|515703|515704|515953
3|49166|106630|106631|38842|38840|106634|38847|106636|106637|106638|106639|106640|106641|106642|38846|106644|106645|106646|106647|106648|106649|106650|106651|106652|106653|38857|106657|106661|106658|106654|106655|106659|106660|106662|106663|106664|106665|106666|106667|106668|106669|106670|106671|106672|106673|106674|106675|106676|106677|106678|106679|106680|106681|106682|106683|106684|106685|153313|106686|106687|106688|106689|106690|106691|106692|106693|106694|106695|106696|106697|106698|106699
55|19812|92145|19808|20823|92148|92149|92150|92151|92152|92153|92154|92155
1|56921|56922|56923|56924|56925|56926|56927|56928|56929|56930|56931|56932|56933|56934|56935|56936|56937|56938|56939|56940|56941|56942|56943|56944|56945
110|83997|83998|83999|84000|84001|84002|84003|84004|84005|84006|84007|84008|84009|84010|84011|84012|84013|84014|84015|84016|84017|84018|84019|84020|84021|84022|84023|84024|84025|84026|84027|513778
1309|431293|431301|431305|431311|431323|431320
5|110194|110195|110196|110197|110198|110199|110200|110201|110202|110203
