2|24504|24505|24506|24507|24508|24509|24510|24511|24512|24513|24514|24515|24516|24517|24518|24519|24520|24521|24522|24523|24524|24525|24526|24527|24528|24529|24530|24531|24532|24533|24534|24535|24536|24537|24538|24539|24540|24541|24542|24543|24615|24616|24617|24618|24619|24620|24621|24622|24623|24624|24625|24626|24627|24628|24629|24630|24631|24632|24633|24634|24635
4|8509|37736|37739|38887|43437|37743|43439|43440|43441|37752|163086|38891|37748|43446|43447|43448|43449|43450|43451|43452|43453|43454|43455|43456|163100|37755
189|509530
532|510810|510811|510812|510813|510814
1363|417715|417716|417717|417718|417719|417720|417721|417722|417723|417724|417725|417726|417727
68|31772|31768|59366|59365|31773|59349|61590|59350|31789|31686|31683|61595|31783|61597|31777|61599|61600|61601|61602|61603|61604|61605|61606|61607|61608|61609
3|115797|115798|115799|115800|115801|115802|115803|115804|115805|115806|115807|115808|115809|115810|115811|115812|115813|115814|115815|115816|115817|115818|115819|115820
1296|187971|187944|380106|380107|394841|187945|380109
55|163161|19821|163163|22045|19806|163166|163169|22089|19822|163170|163173|163172|19816|19807|163536|163176|163538|163537|163540|163539|163542|163541|163544|163543|163746|163745|163747|163748|163749|163750|163751
1|61436|61437|61438|61439|61440|61441|61442|61443|61444|61445|61446|61447|61448|61449|61450|61451|61452|61453|61454|61455|61456|61457|61458|61459|61460|61461|61462|61463|61464|61465|61466|61467|61468|61469|61470|61471|61472|61473|61474|61475|61476|61478|61479|61482|61483|61484|61485|61486|61487|61488|61489|61490
110|53316|53317|53318|53319|53320|53321|53322|53323|53324|53325|53326|53327|53328|53329|53330|53331|53332|53333|53334|53335|53336|53337|53338|53339|53340|53341|53342|53343|53344|53345|53346|53347|53348|53349|53350|53351|53352|53353|53354|53355|53356|53357|53358|53359|99916|53361|53362|53363|53364|53365|53366|53367|53368|53369|53370|53371|53372|53373|53374|53375|53376|53377|53378|53379|53380|53381|53382|53383|99940|53385|53386|53387
1309|431286|431300|431567|431308|431569|431321|431571|431572|431573|431574
5|108235|108236|108237|108238|108239|108240|108241|108242|108243|108244|108245|108246|108247|108248|108249|108250|108251|108254|108252|108253|108255|108256|108258|108259|108257
