2|24408|24409|24410|24411|24412|24413|24414|24415|24416|24417|24418|24419|24420|24421|24422|24423|24424|24425|24426|24427|24428|24429|24430|24431|24432|24433|24434|24435|24436|24437|24438|24439|24440|24441|24444|24443|24446|24445|24448|24447|24450|24449|430602|24451
4|37733|43095|43096|37740|43098|43099|39203|43101|43102|43103|43104|43105|43106|43107|43108|43109|43110|43111|43112|43113|43114
532|515561
68|61495|61497|512966|61494
3|38850|55121|55122|55123|55124|55125|55126|55127|55128|55129|55130|55131|55132|55133|55134|55135|55136|55137|55138
1296|512107
55|188137|19815|19823|19819|188141|188142|188143|188144|188145|188146|188147
1|59741|59742|59743|59744|59745|59746|59747|59748|59749|59750|59751|59752|59753|59754|59755|59756|59757|59758|59759|59760|59761|59762|59763|59764|59765|59766|59767|59768|59770|59771|59772
110|52644|52645|52646|52647|52648|52649|52650|52651|52652|52653|52654|52655|52656|52657|52658|52659|52660|52662|52663|52664|52665|52666|52667|52668|52669|52670|52671|52672|52673|166396
5|103308|103309|103310|103311|103312|103313|103314|103315|103316|103317|103318|103319|103320|103321|103322|103323|103324|103325
