2|64257|28167|64259|64260|64261|28155|64263|64264|64265|64266|54752|54763|54760|64270|64271|64272|54756|64274|28170|64276|64277|54765|64279|64280|64281|64282|54764|64284|64285|64286|64287|64288|64289|64290|64291|64292|64293|429488|64295|64296|64297|64298|64299|64300|64301|64302|64303|64304|64305|64306|64307|64308|64309|64310|64311|64312|64313
4|35614|79569|37083|37077|79572|79573|79574|37089|37098|79577|79578|79579|79580|79581|39309|79583|39316|79585|79586|79587|79588|79589|79590|79591
1136|448841
638|515112
471|244995|244996|244997|244998|244999|245000|245001|245002|245003
68|32066|32067|31855|32069|32070|32071|32072|32073|32074|32075|32076|32077|32078|32079|32080|32081|32082|32083|32084|32085|32086|515954
3|163003|163004|163005|163006|163007|163008|163009|163010|163011|163012|163013|163014|163015|163016|163017|163018|163019|163020|163021|163022|163023
1296|150664|150665|150666|150667|150668
55|20742|111829|21522|21523|21519|20779|111834|111835|20798|111837|111838|111839|111840|111841|154923|111842|111843
1|62528|62529|62530|62531|62532|62533|62534|62535|62536|62537|62538|62539|62540|62541|62542|62543|62544|62545|62546|62547|62548|62549|62550|62551|62552|62553|62554|62555|62556|62557|62558|62559|62560|62561|62562|62563|62564|62565|62566|62567|62568|62569|62570|62571|62572|62573|62574|62575|62576|62577|62578|62579|62580|62581|62582|62583|62584|62585|62586|62587|62588|62589|62590|384043
110|127568|127569|127570|127571|127572|127573|127574|127575|127576|127577|127578|127579|127580|127581|127582|127583|127584|127585|127586|127587|127588|127589|127590|127591|127592|127593|127594|127595|127596|127597|127598|127599|127600|127601|127602|127603|515948
1006|429189|429190|429191|429192|429193|429194|429195|429196|429197|429198|429199|429200|429201|429202|429203|429204|429205|429206|429207|429208|429209|429210|429211|429212|429213|429214|429215|429216|429217|429218|429219|429220|429221|429222|429223|429224|429225
1309|431317|431292|431324|431313
5|124653|124654|124655|124656|124657|124658|124659|124660|124661|124662|124663|124664|124665|124666
