2|27963|27964|27965|27966|27967|27968|27969|27970|27971|27972|27973|27974|27975|27976|27977|27978|27979|27980|29212|29213|29214|29215|29216|29217|29218|29219|29220|29221|29222|29223|29224|29225|29226|29227|29228|29229|29230|29231|29232|29233|29234|29235|29236|29237|29238|29239|29240|29241|29242|29243|29244|29245|29246|29247|29248|29249|29250|29251|29252|29253|29254|29255|29256
4|77203|77204|77205|77206|39143|39146|39140|77210|77211|77212|35325|39153|35337|39155|77217|77218|77219|77220|77221|77222|77223|77224|77225|35333|77227
1388|515658
471|234939|234940|234941|234942|234943|234944|234945|234946|234947|234948|234949|234950|234951|234952|234953|234954|234955|234956|234957|234958
68|31774|31824|31694|31867|31868|31682|31870|31871|31872|31873|31836|31875|31876|31877|31878|31879|31880|31881|31882|31883|31884|31885|31886|31887
3|55171|55172|55173|55174|55175|55176|55177|55178|55179|55180|55181|55182|55183|55184|55185|55186|55187|55188|55189|55190|55191|55192|55193|55194|55195|55196|55197|55198|55199|55200|38859|55202|55203|55204|55205|55206
55|17255|17330|20817|19559|20819|126056|126057|126058|126059|126060|20822|126062|20811|126064|126065|126066|126067|126068
1|56689|56690|56691|56692|56693|56694|56695|56696|56697|56698|56699|56700|56701|56702|56703|56704|56705|56706|56707|56708|56709|56710|56711|56712|56713|56714|56715|56716|56717|56718|56719|56720
110|53934|53935|53936|53937|53938|53939|53940|53941|53942|53943|53944|53945|53946|53947|53948|53949|53950|53951|53952|53953|53954|53955|53956|53957|53958|53959|53960|53961|53962|53963|53964|53965|53966|53967|46395|53969|53970|53971|53972|53973|53974|53975|53977|53978|53979|53980|53981|53982|53983|53984
5|124698|126836|126837|126838|126839|126840|126841|126842|126843|126844|126845|126846|126847|126848|126849|126850|126851|126852|126853|126854|126855|126856|126858|126859|126860|126861|126862|126863|126864|126865|126866|126867|126868|126869|126870|126871|126872|126873
