2|38283|38284|38285|38286|38287|38288|28275|38290|38291|38292|38293|38294|38295|28292|38297|38298|38299|38300|38301|38302|38303|38304|38305|38306|38307|38308|38309|38310|38311|38312|38313|38314|38315|38316|38317|38318|38319|38320|38321|38322|38323|38324|38325|38326|38327|38328|38329|38330|38331|38332|38333|38334|38335|38336|38337|38338|38339|38340|38341|38342|38343|38344|38345
4|78244|78245|78246|78247|78248|78249|78250|78251|39486|39466|78254|78255|78256|78257|78258|78259|78260|78261|78262|78263|78264|78265|78266|78267|78268
1136|448809
189|509511
532|219284|219334|418006|418007|418008|418009|418010|418011|418012|418013|418014|418015|418016|418017|418018
68|31681|31687|62840|62841|62842|62843|62844|62845
3|49211|178981|178982|178983|178984|178985|178986|178987|178988|178989|178990|178991|178992|178993
55|57660|57661|19563|57663|17256|57665|57666|57667|57668|57669|21552
1|59852|59853|59854|59855|59856|59857|59858|59859|59860|59861|59862|59863|59864|59865|59866|59867|59868|59869|59870|59871|59872|59873|59874|59875|59876|59877|59878|59879|59880|59881|59882|59883|59884|59885|59886|59887|59888|59889|59890|59891|59892
1368|509168
110|82351|82352|82353|82354|82355|82356|82357|82358|82359|82360|82361|82362|82363|82364|82365|82366|82367|82368|82369
5|112136|112137|112138|112139|112140|112141|112142|112143|112144|112145|112146|112147|112148|112149|112150|112151
422|440809|440810|440811|440812|440813|440814|440815|440816|440817|440818|440819|440820|440821|440822|440823|440824
