2|26869|26870|26871|26872|26873|26874|26875|26991|26992|26993|26994|26995|26996|26997|26998|26999|27000|27001|27002|27003|27004|27005|27006|27007|27008|27009|27010|27011|27012|27013|27014|27015|27016|27017|27018|27019|27020|27021|27022|27023|27064|27065|27066|27067|27068|27069|27070|27071|27072|27073|27074|27075|27076|27077|27078
4|44143|44144|44145|39142|44147|44148|35326|44150|39145|44152|44153|44154|44155|44156|44157|44158|44159|44160|44161|44162|44163|44164|44165|44166|44167
126|119317|119318|119319|119320|119321|119322|119323|119324|119325|119326|119327|119328|119329|119330|119331|119332|119333|119334|119335|119336|119337|119338|119339|119340|119341|119342|119343
1395|499524|499525|499526|499527|499528|499529|499530|499531|499532|499533|499534|499535|499536|499537|499538|499539|499540|515944
68|31837|59416|61892|61893|61894|61895|61896|61897|61898|61899|61900|61901|61902|61903|61904|61905|61906|61907|61908|61909|61910|61911|61912|61913
3|55139|55140|55141|55142|55143|55144|55145|55146|55147|55148|55149|55150|55151|55152|55153
1299|495861|495862|495863|495864|495865|495866|495867|495868|495869|495870|495871|497719
55|17329|53997|53998|20820|54000|54001|54002|54003|54004|54005|54006|54007|19564|54009|54010|54011|54012
1|52792|52794|52785|52830|52800|52772|52769|52770|52771|52773|52774|52775|52776|52777|52778|52779|52780|52781|52782|52783|52784|52786|52787|52788|52789|52790|52793|52795|52796|52797|52798|52799
110|103754|103755|103756|103757|103758|103759|103760|103761|103762|103763|103764|103765|103766|103767|103768|103769|103770|103771|103772|103773|103774|103775|103776|103777|103778|103779|103780|103781|103782|103783|103784|103785|103786|103787|103788|103789|103790|103791|103792|103793
5|108883|108884|108885|108886|108887|108888|108889|108890|108891|108892|108893|108894
