2|7606|11206|7618|11208|11209|11210|11211|11212|11213|11214|11215|11216|11217|11218|11219|11220|11221|11578|11579|11580|11581|11582|11583|11584|11585|11586|11587|11588|11589|11590|11591|11592|11593|11594|11595|11596|11597|11598|11599|11750|11751|11637|11753|11754|11631|11756|7608|11758|11759|11760|11761|11762|11629|11764|11765|11620|11767|11768|11769|11770|11773|11772|11775|11618|11777|11776|11617|11778|11859|11860|11861|11862|11863|7614|7611|11866|11867|11868|11869|11870|11871|11872|11873|11874|11875|11876
4|28943|28944|28945|23840|28947|28948|23824|28950|28951|23826|28953|28954|28955|28956|28957|28958|28959|28960|28961|28962|28963|23833|8535|8504|23835|28968|28969|23823|28971|23838|28973|28974|28975|23843|28977|28978|23842|23837|23839|23827|28983|23830|28985|23841|28987|28988|28989|28990|28991|28992|28993|28994|28995|28996|28997|28998
1150|365275|515756
68|221800|221781|221793|232200|221789|221785|225145|221799|223278|232206|221782|221788|221798|221796|221794|223925|223274|225153|221797|221801|233112
1036|197601|198798|198799|198800|199182|199183|199184|215269|215270|215271|215272|215273|215274|215275|215276|215277|215278|215279|215285|215281|215282|215283|215284|215286|215287|215289|215291|215288|215292|447586|447587|447588|447589
3|352541|93422|352543|156095|92159|158821|49193|328454|90633|156091|156102|158824|156090|328464|93419|156106|156093|90631|158818|92157|158825|328453|158816|156105|90632|158822|92156
1296|396701|128526|307262|396704
55|131364|131361|26640|190160|168241|168238|131351|131329|190333|131327|131356|190162|131333|131338|190164|190340|131353|190161|131355|131371
1|240212|240215|242408|242409|242410|160375|239788|239785|160385|242415|242416|160368|239782|239792|160395|240228|160394|160398|239784|240220|160371|240210|239790|239789|160382|240246|160378|242433|240240|160364|160407|239793|239794|240213|242440|240232|239796|239786|240233|239798|239795|240243|160401|240259|242450|239805|240265|240263|239800|239811|240257|240258|240262|239801|239810|160365|240625|161590|240631|240628|240623|240621|240620|240629|240627|160379|240637|240622|160414|160412|242908|240626|240636|240638|240643|240650|240632|240642|242916|240645|240651|243373|240950|160391|240964|240944|240961|240939|160374|160381|160369|240942|160376|240962|240949|240965|240953|240975|240959|240947|240963|240955|240974|160409|240956|240970|160384|240985|240992|240981|240988|240994|160367|243919|241619|241631|160372|241637|160373|160363|241627|243927|243928|241629|241623|241624|241622|241630|243934|241643|160392|160390|160366|241635|241626|241658|241636|241652|241651|160397|160396|241644|160400|160405|241654|241661|241663|241662
110|85616|119757|39879|119759|39881|39925|119762|39882|39977|119765|119766|39810|119768|39883|39976|119770|39884|119810|119773|119775|119774|39885|119778|39886|39887|119781|119776|39811|119782|119811|39924|119788|39888|39950|119790|119791|39890|119793|119794|39891|39943|119797|39892|39974|119800|39812|119802|39893|119804|119785|39909|39929|119808|119809|39942|39910|119812|119813|39912|119815|39913|39928|39922|39816|119820|39914|39948|119823|39919|119825|39941
5|13244|13436|13437|13438|13323|13316|13245|13328|13444|13325|13446|13243|13448|233590|13327|13450|13329|13318|58403|13331|13454|13455
