2|16324|16323|16328|16325|16326|16327|11773|16329|16330|7603|16332|16333|16334|16335|16336|16337|16338|16339|16340|16341|16342|16343|16344|16345|16346|16347|16348|16349|16350|16351|16352|16353|16354|16355|16356|16357|16358|16359|16360|16361|11765|16363|16364|16365|16366|16367|7612|16369|16370|16373|16372|16375|16374|16377|16376|16379|16378|16381|16380|11770|16382|16385|16384|16387|16386|16389|16388|16391|16390|16393|16392|153255
4|23834|29587|23821|29589|29590|28990|29592|29593|29594|23836|29596|29597|29598|29599|29600|29601|23829|29603|29604|29605|29606|29607|29608|28985|29610|28958|29612|29613|29614|29615|29616|29617|29618|29619|29620|28988|29622|29623|29624|29625|29626|29627|29628|29629|29630|29631|29632|23840|29634|29635|29636|29637|29638|29639|29640|29641|29642|29643|29644|29645|29646|29647|29648
1150|365275|515756
68|221780|221797|221788|221794|221799|221786|223915|223916|223917|223918|223919|223920|223921|223922|223923|223924|223925
1011|515599
3|156090|156091|156092|156093|49193|156095|156096|156097|156098|156099|156100|156101|156102|156103|156104|156105|156106|156107|156108|156109|156110|156111
1296|128526
55|131362|131363|131364|131365|131366|131367|131368|131369|131370|131371|131372|131373|131374|190197|190198|190199|190200|190201
1|240210|160382|240212|240213|160375|240215|160395|240217|160364|160380|240220|160368|160386|240223|160388|160378|240226|240227|240228|160371|240230|240231|240232|240233|240234|240235|240236|240237|240238|240239|240240|240241|160393|240243|160387|240245|240246|240247|160394|240249|160385|160377|160406|160401|240254|240255|240256|240257|240258|240259|240260|240261|240262|240263|240264|240265
1202|490395
107|392160|392161|392162|392163|392164
110|119788|119757|119762|119774|119782|119778|119768|119770|119775|119785|125979|119759|119802|119820|125985|119794|119793|119765|119823|126328|125989|126330|119781|119813|119797|119791|126335|119815|126337|126338|126339|126340|126341|126342|126343|119809|126346|126347
1309|23950|23951|25676|25677|25678|25679|25680|25681|25682|25683|25684
5|13322|13245|13325|14270|14271|14272|14273|14274|13328|14275|14276|14277|234106|14278|14279|234109|13320|234111|234112|234113|14281|234115|14282|234117|13455
