2|11600|7610|11602|11603|11604|11605|11606|11607|11608|11609|11610|11611|11612|11613|11614|11615|11616|11617|11618|11619|11620|11621|11622|11623|11624|11625|11626|11627|11628|11629|7605|11631|11632|11633|11634|11635|11636|11637|120393
4|23835|28948|28954|28969|23838|31150|31151|28960|31153|31154|31237|31238|23831|31240|31241|31242|31243|31244|31245|31246|31247|31248|23825|31250|31251|31252|31253|31254|31255|31256
68|225145|221783|221796|221791|225149|225150|225151|225152|225153|225154|225155|225156|225157
418|236356|236357|236358|236359|236360|236361
3|93419|93420|93421|93422|93423|93424|93425|93426|93427|93428|93429
1296|396701|396704|396955|396956|396957|396958|396959|396960|396961|396962|396963|396964|406695
55|131351|131352|131353|131354|131355|131356|131357
1|239782|160398|239784|239785|239786|239787|239788|239789|239790|239791|239792|239793|239794|239795|239796|239797|239798|160410|239800|239801|239802|239803|239804|239805|160383|239807|239808|239809|239810|239811
110|167719|119808|119773|119766|119800|119790|119812|167726|167727|167728|167729|167730|167731|167732|167733|167734|119776|119825|167737|167738|167739|167740
1309|119139|119140|119141|119142|119143|119144|119145|119146|119147|119148
5|13318|233719|14298|13448|14299|233723
