1394|39921|39923|505109|505110|505111|505112|505113
2|118798|118799|11214|11217|118802|118803|118804|118805|118806|118807|7613|118809|118810|118811|118812|118813|118814|11219|118816|118817|118818|118819|118820|118821|118822|118823|11216|118825|118826|118827|118828|118829|118830|118831|118832|118833|118834|118835|118836|118837|118838|118839|118840|118841|118842|118843|118844|118845|118846|118847|118848|11209|118850|118851|118852|118853|118854|11221|118856|11211|118858
4|23833|23828|30856|30857|30858|30859|30860|30861|23820|30863|30864|30865|23822|31108|31109|31110|31111|31112|31113|31114|31115|31116|49615|31117|28945|31119|31120|31121|31122|49622|31123|31124|31125|28974|31127|31128
471|238369|238370|238371|238372|238373|238374|238375|238376|238377|238378|238379|238380|238381|238382|238383|238384|238385|238386|238387|238388|238389|238390|238391|238392
68|221785|221792|380827|232200|221781|232206|380831|380832|380833|380834|380835|380836|380837|380838|380839|380840|221801|380842
3|158811|158812|158813|158814|158815|158816|158817|158818|158819|158820|158821|158822|158823|158824|158825|158826|158827|158828|158829|158830|158831|158832|158833|158834
55|168235|168236|168237|168238|168239|168240|168241
1|240938|240939|160381|160369|240942|240943|240944|160376|160374|240947|240948|240949|240950|240951|160389|240953|160391|240955|240956|160384|240958|240959|240960|240961|240962|240963|240964|240965|240966|240967|240968|240969|240970|160409|240972|240973|240974|240975|160402|240977|240978|240979|240980|240981|240982|240983|240984|240985|240986|240987|240988|240990|240991|240992|240993|240994|240995
107|237364|237365|237366|237367|237368|237369|237370|237371
110|39922|39924|39925|39926|39927|39928|39929|39930|39941|39942|39943|39944|39945|39946|39947|39948|39949|39950|39971|39972|39973|39974|39975|39976|39977
5|14201|14202|13450|13444|14206|14207|14208|13319|13327|13244|14212|14213|13331|14215|13329|14217|14218|13454|14220|14221|14222|14223|230667|14224|14225|14226|14227
