2|7614|7611|11872|12313|12314|12315|7602|12317|11876|12319|12320|12321|12322|12323|11874|12325|11868|12327|12330|12329|11870|12331|12334|12333|12336|12335|11866|12337|12340|11869|12342|12341|12344|12343|12346|11867|12348|11859|11862|12349|136464|12351|11875|11863|11861|11871|12356|12357
4|29099|28944|29101|29102|23827|28971|23843|23839|23830|23841|29109|28953|29111|28961|29113|29114|29115|28994|29117|29118|29119|29120|28989|29122|29123|28992|28997|29126|29127|29128|28996|29130|29131|29132|29133|28955|29137|29138|28998|29140|29141|141593
1150|514269
68|221793|221784|221795|221779|221789|224798|221800|224800|224801|221798|224803|224804|224805|224806|224807|224808|221790|224810|224811|224812
1036|197601|198798|198799|198800|199182|199183|199184|215269|215270|215271|215272|215273|215274|215275|215276|215277|215278|215279|215285|215281|215282|215283|215284|215286|215287|215289|215291|215288|215292|447586|447587|447588|447589
3|328447|328448|328449|328450|328451|328452|328453|328454|328455|328456|328457|328458|328459|328460|328461|328462|328463|328464|328465|328466|328467|328468|328469|328470|328471|328472|328473|328474|328475
1296|307262
55|26640|131327|131328|131329|131330|131331|131332|131333|131334|131335|131336|131337|131338|131339|131340|131341|131342|131343|131344|131345|131346|131347|131348|131349|131350
1|241619|160372|160367|241622|241623|241624|160373|241626|241627|241628|241629|241630|241631|241632|241633|241634|241635|241636|241637|241638|160392|241640|241641|241642|241643|241644|160390|160400|241647|241648|241649|241650|241651|241652|160397|241654|241655|160405|241658|241659|241660|241661|241662|241663|160396|241665|241666
110|39879|39880|39881|39882|39883|39884|39885|39886|39887|39889|39890|39891|39892|39893|39909|39910|39911|39912|39913|39914|39915|39916|39917|39918|39919|39920
5|19218|19219|13243|26607|19221|13326|19223|19224|19225|19226
