2|33213|44096|41688|43268|37760|33204|43468|40661|35265|34566|40662|43998|43273|41689|42338|41441|45551|41696|33814|35240|36247|41691|41444|37767|35247|33206|37774|40659|33201|37785|41440|40669|43458|42339|34568|43270|42349|49932|43999|36260|40672|37779|44093|43290|36249|41694|42345|51655|40676|51657|91643|91644|91645|87886|76812|87882|91649|80160|77186|70565|91653|91654|91655|87891|76818|91658|91659|77187|91661|91662|70582|91664|87879|76811|87875|91668|91669|87889|80161|91672|76824|91674|87885|80168|91677|70569|87877|91680|76814|91682|87887|80162|70567|80166|87872|110565|49468|44213|42296|42032|44359|42091|42392|101040|40317|40384|44218|41924|43381|110579|40385|40495|49474|44358|42110|44215|101172|43384|101049|49473|42093|40320|40496|44370|40387|42297|44212|49481|101178|44219|42029|42393|49500|42301|44361|42028|42088|40328|41938|44223|44365|42034|49506|40322|101168|101167|101162|44366|101058|44211|101164|101165|101192|49464|202523|202524|202525|202526|202527|202528|202529|200510|202531|202532|202533|202534|202535|202536|202537|202538|202539|202540|202541|202542|202543|202544|202545|202546|202547|202548|202549|202550|202551|202552|202553|202554|202555|202556|202557|202558|202559|202560|202561|202562|202563|202564|202565|202566|202567|202568|202569|202570|202571|202572|202573|200516|202575|202576|202577|201265|202579|202580|202581|201259|202583|201261|202585|202586|202587|202588|202589|202590|202591|202592|202593|202594|86705|84369|86296|88669|87134|174270|148462|177478|147116|173187|147873|317395|177487|87133|174257|148477|317400|147876|317402|88681|317404|86154|177451|86706|84342|174266|147895|88701|148460|147115|87144|146994|84354|148481|86711|87135|177467|147868|146967|88663|317424|147109|86715|148457|147877|177454|84350|317431|87142|88716|148466|86700|147104|147870|174259|317439|88686|146955|177449|148469|88670|87161|147892|147113|84346|86702|148464|317451|315645|87893
1372|486475
4|1941|1874|1943|1944|1867|1887|1947|1884|1949|1879|1951|1952|1877|1873|1882|1889|1896|1958|1865|1876|1868|1890|1866|1869|1870|1966|1875|1968|1883|1970|1971|1899|1892|1974|1891|1893|1886|1894|1898|1980|1885|1982|1983|1897|1878|1986|1900|1988|1888|1990|1991|1901|3099|2945|3101|3102|2948|3104|2954|2944|2942|2956|2952|2959|3111|2965|3113|2951|3115|3116|2955|3118|2964|3120|3121|3122|3123|3124|3125|3126|3127|3128|3203|3212|3218|3239|3220|3241|3205|3243|3244|3210|3246|3229|3211|3197|3200|3252|3253|3254|3204|3219|3257|3258|3225|3260|3228|3262|3215|3223|3216|3266|3227|3268|3269|3270|3224|3272|3230|3221|3275|36667|36668|36661|36665|36677|36669|36659|36666|36664|36688|36674|6159|37266|37267|36656|36660|36663|36676|36679|36678|36683|36684|36680|36682|36686|37279|179002|133476|113631|178996|167820|137756|167814|37598|190061|113980|190063|189933|137701|75316|178998|137755|133477|113636|137757|167817|113646|133481|137700|137709|137766|192933|113643|189939|515005
1318|21479
1297|281046|281051|281066|335642|492893|335644|335643|335646|335647|335648|335649|335650|335651|281073|335653|137275|492905
1150|365282|515856
532|323468|185389|219339|323471|276560|276415|219308|219337|276488|188461|276489|96671|96670|276556|276558|324634|324847|497461
1388|515655
638|515695
68|198296|198297|198298|198299|198300|198301|198302|198303|198304|198305|198306|198307|198308|198309|198310|198311|198312|198313|198314|198315|198316|198317|198318|198319|198320|198321|248798|248797|248819|248802|249184|248796|248815|248803|249188|249189|249190|248813|249192|249193|248817|248808|248800|248805|248818|249199|248809|249201|248812|248806|248816|249205|249206|248804|249208|31814|274383|274258|274262|274600|274601|274514|274603|274604|274515|274606|274260|274608|274609|274610|274611|274612|274613|274614|274615|274616|274617|274618|274619|274716|274717|274718|274486|274720|274721|274722|274723|274724|274725|274726|274727|274487|274729|274730|274731|274732|274733|274734|274735|274736|274737|277353|277354|247402|226850|178565|277358|277359|277360|277361|277362|277363|178569|277365|178566|277367|277368|277369|277370|277371|277372|277373|178576|277375|226868|277378
1140|480151|507628|480113|507635|480127|507637|507638|507629|480149|480104|507627|507643
1011|132186|515008|515850|515851
3|25019|22350|17513|20187|17979|18034|17517|18035|40061|17512|22357|30868|17442|20192|22046|18023|18047|22356|27262|17505|18022|25131|17451|18037|22054|27266|231342|231343|231344|231345|231346|231347|231348|231349|231350|231351|231352|231353|231354|231355|231356|231357|231358|231359|231360|231361|231362|231363|231364|231365|277552|275868|276149|277879|277670|278242|278243|276765|275874|278246|275559|278248|277177|278250|277871|277386|278253|276768|278255|275880|277542|275558|276764|112695|196106|112688|196102|193830|237884|112692|112690|193033|112691|197503|278774|194614|193814|112700|278778|196110|237883|112704|237881|196107|278784|197511|197513|193031|240365|235554|245503|212199|227057|245504|246335|245509|240344|227855|234651|235555|211854|246768|246344|237150|315114|243894|211632|230899|234650
1296|50353|128537|257609|128529|128568|257612|257613|257614|257615|257616|257617
55|66248|74070|66241|74062|74063|66341|74867|74075|74081|74065|66240|74071|74873|74874|74069|74876|74082|74074|74080|74077|6175|74882|21961|74066|74885|74886|74086|84731|77486|84733|84734|66252|82458|77489|84741|77707|82484|82470|77710|82464|84747|77491|82469|77706|82479|82468|82475|77711|82473|84756|82477|77716|82478|6170|82482|82476|76560|152587|76425|76412|142878|76418|6172|152598|118954|118963|152602|152604|118949|152606|66233|65833|65384|164437|66238|66239|66242|6156|66244|66245|66246|66247|66249|65834|66251|66253|66254|64330|66256|63199|66258|6173|66260|304593|304606|304599|74084|304613|304602|307842|307843|307844|304594|304605|304591|307849|304611|307853|82461|307858|306683
1|254011|254012|254013|254014|254015|254016|254017|254018|254019|254020|242937|867|254023|254024|254025|242931|254027|254028|254029|254030|254031|254032|254033|254034|254035|254036|254037|254038|254039|254040|254041|254042|254043|254044|254045|254046|254047|254048|254049|254050|254051|254052|254053|254054|254055|254056|254057|254058|254059|254060|254061|254062|254145|253910|254147|254148|254149|254150|253914|254152|254153|254154|254155|253915|254157|254158|253917|253919|254161|254162|254163|253923|254165|254166|253926|253922|253920|254170|253918|253929|253930|253927|254175|254176|253931|253933|253932|254180|254181|254182|253928|254184|254185|254186|253936|254188|254189|254190|253938|253937|253940|253935|254195|254196|254197|243427|254199|254200|254201|254202|243430|243433|254205|254206|254207|254208|254209|254210|254211|254212|254213|243435|254215|243445|254217|254218|254219|254220|243438|243434|254223|243437|243439|254226|243444|243441|254229|243443|243442|243440|254233|254234|254235|254236|254276|254277|253895|253905|254280|253890|253891|254283|254284|253887|254286|254287|253893|254289|254290|253902|254292|253904|253899|253900|253894|253888|253906|254299|254300|254301|254302|253897|253901|253892|254306|254307|253907|253903|253896|254311|254312|254313|254314|254315|253977|254317|253978|254319|254320|253990|254322|253981|253974|254325|254326|253987|254328|253994|253988|253986|254332|254333|254334|254335|253983|253982|253989|254000|254003|254341|253996|253992|253997|254345|254346|254347|254002|254349|254350|253980|254352|253998|253984|253999|254356|254357|254358|254359|254360|254361|254362|254363|254364|254006|254366|254367|254368|254008|254007|254371|254372|254010|254375|254376|254377|254378
1273|394197|394205|394209
1311|2823|9658|2911|2920|2922|56563|2918|2914|91955|91951|45669|3900|2921|15449|2924|15451|45676|56993|2923|56995|2919|56997|2908|56999|2913|57001|15455|2916|57004|2915|57006|45847|2912|45686
131|275101|275102|275103|275100|313711|312897|313712|275104|275105|275106|275107|275108|275109|275110|275111|275112|275113|275114|275115|275116|275117|275118
447|216837|415317|397128|415319|415320|415321|415322|415323|415324|397126|415326|397127|415328|415329|415330|397131|415332|397133|415334
110|61327|61328|61329|61330|57904|61332|61333|57902|61335|61336|57901|61338|61339|61340|61341|61342|61343|61344|61346|61347|61348|61349|61350|59829|61352|61353|61354|61355|59835|66290|66279|66214|66429|66280|126676|126678|66501|126681|126680|66281|66304|126683|66282|66432|126686|66277|66402|66431|126690|66215|126692|66315|126694|126695|126696|66216|66217|126699|66428|66349|126702|66284|126704|66297|126706|66500|66403|126709|66348|66299|66293|66316|126714|66306|126716|66313|66292|126719|126720|126769|126765|126756|126762|126879|126777|126793|126776|126763|126783|126786|126761|126766|126764|126784|126758|126760|126795|126767|126755|126773|126759|126804|126782|126772|126790|126781|126785|126796|126774|126768|126788|126805|126798|126779|126791|126803|126797|126794|126792|126799|126771|126801|126800|126807|126808|126811|126809|126810|62514|68514|68627|68525|68630|68681|68449|68528|68442|66543|62513|68512|66545|68440|68629|62655|68443|68515|167902|68631|68633|158933|62521|62660|68438|68436|68447|68441|49338|112430|49340|49343|66210|49339|49284|49341|49994|112433|49349|49961|66224|49344|49347|49345|49355|112438|112428|112429|66261|49342|49375|66211|112435|49346|49387|49351|49377|49995|112441|49386|66213|49965|49354|112440|49388|66230|50000|49385|49352|263740|49374|112436|49999|49962|85425|49287|66229|66225|49422|49384|49378|66267|49429|49423|49350|6167|506198|508809|508827|509688|510751|510970|513820|513825|515549|515552|515705|515833
5|5449|7765|7768|7772|24722|12375|12366|24725|24726|16796|5388|24729|24730|24731|24732|24733|24734|24735|21113|71901|84182|84185|71091|64244|6165|6163|70517|71904|85159|70512|6164|71903|21117|21119|70513|71900|71908|71905|85169|71090|21114|64245|119059|119060|139157|94368|94381|139160|139161|139162|139163|94369|139165|139166|139167|139168|139169|94380|94372|94379|139173|139174|139175|139176|139177|139178|139179|139180|139181|139182|139183|205013|139184|162907|50626|160749|160744|162911|162912|160746|160739|162915|162916|160742|162918|158680|162920|181034|162921|160747|160748|162924|162925|234436|234426|234433|234434|234429|235203|235204|234430|235206|235207|235208|235209|235210|234437|234440
