2|147868|147869|147870|147871|147872|147873|147874|147875|147876|147877|147878|147879|147880|147881|147882|147883|147884|147885|147886|147887|147888|147889|147890|147891|147892|147893|147894|147895|147896|147897|147898|147899|147900|147901
4|167814|167815|167816|167817|167818|167819|167820|167821|167822|167823|167824|167825|167826|167827|167828|167829|167830
532|503553|503554
546|45686|476230|476231|476232|476233|476347|476348|476349|476350|476351|476352|476381|476353|476354
68|343574|277371|343576|343577|277365|343579|343580|343581|343582|343583|343584|343585|343586
3|276137|276138|276139|276140|276141|276142|276143|276144|276145|276146|276147|276148|276149|276150|276151|276152|276153|276154|276155|276156|276157
55|242461|242462|242463|242464|6172|242466|242467|242468|242469|242470
1|254150|254417|254418|254419|254420|254176|253929|254189|254188|254425|254426|254427|254428|254429|254430|254431|254432|254433|254434|254435|254436|254437|254438|254439|254440|254441|254443|254444
998|415009|415010|415011|415012|415013|415014|415015|415016|415017|415018
110|57901|57902|57903|57904|57905|57906|57907|57908|57909|57910|57911|57912|57913|57914|57915
5|183152|183153|183154|183155|183156|183157|183158|183159
