2|86698|86699|86700|86701|86702|86703|86704|86705|86706|86707|86708|86709|86710|86711|86712|86713|86714|86715|86716|86717|86718|86719|86720|86721|86722|86723|86724|86725|86726|86727|86728|86729|86730|86731|86732|86733|86734|86735|86736
4|189933|189934|189935|189936|189937|189938|189939|189940|189941|189942|189943|189944|189945|189946|189947|189948|189949|189950
68|277360|277373|298130|500680|500681|500682|298121
1011|515008
3|277668|277669|277670|277671|277672|277673|277674|277675|277676|277677|277678|277679|277680|277681|277682|277683|277684|277685
1296|257613|260153
55|76155|76156|76157|76158|76159|76161
1|254570|254571|253910|253915|254574|254575|254576|254577|254185|254579|254581|254582|254583|254181|254585|254586|254587|254588|254196|254590|254592|254593|254594|254595|254596|254597|254598|254599|254600|254601|254602|254603|254604
1323|12984|12985|12986|12990|12991|12992|12993|12994|12995|12996|12998|12999|13000|13002|13003|13004|13005|13006|13007|13008|13009|13010|13011
110|61333|72068|72069|72070|72071|72072|72073|72074
5|160736|162907|162911|180737|213856|213857|213858|284316|233267|213859|213860
