2|146953|146954|146955|146956|146957|146958|146959|146960|146961|146962|146963|146964|146965|146966|146967|146968|146969|146970|146971|146972|146973|173187|146974|146976|146977|146978|146979|146980|146981|146982|146983|146984|146985|146986|146987|146988|146989|146990|146991|146992|146993|146994|146995|146996|146997|146998
4|178007|178008|178009|178010|178011|178012|178013|178014|178015|178016|178017|178018|178019|189770|189771|189772|189773|189774|189775|189776|189777|189778|189779|189780|189781|189782|189783|189784|189785
68|278054|278055|278056|278057|278058|278145|278059|278060|278148|278061|278150|278151|278152|278062|278063|278064|277375|278066|278158|278067|278068|278069|278162|278163|278070|277361|278072
3|277868|277869|277870|277871|277872|277873|277874|277875|277876|277877|277878|277879|277880|277881|277882|277883|277884|277885|277886|277887|277888|277889|277890|277891|277892|277893|277894|277895|277896|277897|277898|277899|277900|277901|277902|277903|277904|277905|277906|277907|277908
1296|280077
55|118785|118786|118787|118788|118789|118790|118791|118792|118793|118794|118795|118796|118797
1|254170|253917|418147|418148|418149|418150|418151|418152|418153|418154|418155|418156|418157|418158|418159|418160|418161|426504|426505|426506|254155|426508|426509|426510|426511|426512|426513|426514|426515|426516|426517|426518|426519
110|61327|216896|61346|216898|216899|216900|216901|216902
1196|396119|396120|396121|396127|396126|396122|396124|396128|396129|396130|396125|396131|396123|512610|515744
5|160739|160748|199370|199371|199372|284308
