2|42385|42386|42387|42388|42389|42390|42391|42392|42393|42394|42395|42396|42397|42398|42399|42400|42401|42402|42403|42404|42405|42406|42407|42408|42409|42410
4|1971|6551|6552|6553|6554|6555|6556|6557|1878|6559|6560|6561|6562|6563|6564|6565|6566|6567
204|397123|397124|397125|397126|397127|397128|397129|397130|397131|397132|397133|397134|397135
68|499813|248808|499815|499816|499817|499818|499819|499820|499821
3|230898|230899|230900|230901|230902|230903|230904|230905|230906|230907|230908|230909|230910|230911|230912|230913
1296|515280|254678|515406
55|84734|119537|119538|119539|66252|119541|119542|119543|119544|119545|119546|119547|119548|119549
1|254226|254668|243441|254671|254672|254673|243443|254677|254679|254680|254681|254682|254683|254684
110|68430|68431|68432|68433|68434|68435|68436|68437
5|236226|236227|236228|236229|236230
