2|43379|43380|43381|43382|43383|43384|43385|43386|43387|43388|43389|43390|43391|43392|43393|43394|43395|43396|43397|43398|43399|43400|43401|43402|43403|43404|43405|43407|43408|43409|43410|43411|43412|43413|43414
4|1881|1890|11730|11731|11732|11733|11734|1894|11736|11737|11738|11739|11740|11741|11742|11743|11744|11745|11746|11747|11748|1982|11802|11803|11804|11805|11806|11807|1895|11839|1952|1897|11842|11843|11844|11845|11847|11848|11849|11850|11851|11852|11853|11854|11855|11856|11857|11858|1983|11908|11909|11910|11911|1968|11913|11914|11915|11916|11917|11918|11919|11920|11921|11922|11923|11924|11925|11926|473182
68|248809|248813|249694|249695|249696|249697
1398|507675|507676
1011|510759
3|243894|243895|243896|243897|243898|243899|243900|243901|243902|243903|243904|243905|243906|243907|243908|243909|243910|243911|243912|243913|416973|243915|243916|243917
55|146482|146483|146484|146485|146486|146487|146488|146489
1|254206|243445|254914|254915|254916|254917|254223|254919|254920|243438|254922|254923|254924|254925|254926|254927|243426|254929|254930|254931|254932|254933|254934|254935|254936|254937|254938|254939|254940|254941|254942
110|62655|62656|62657|62658|62659|62660|62661|515967|516032
5|242609|242610|242611|242612|242613|242614|242615|242616|242617
