139|415544|415545|415546|415547|415548|415549|415550|415551|415552|415553|415554
2|84332|84333|84334|84335|84336|84337|84338|84339|84340|84341|84342|84343|84344|84345|84346|84347|84348|84349|84350|84351|84352|84353|84354|84355|84356|84357|84358|84359|84360|84361|84362|84363|84364|84365|84366|84367|84368|84369|84370|84371|84372|84373|84374|84375|84376|84377|84378|434032|84380|84381|84382|84383|84384|84385|84386|84387|84388|84389
4|8532|178995|178996|178997|178998|178999|179000|179001|179002|179003|179004|179005|179006|179007|179008|179009|179010|179011|179012|179013
1158|137274|137275|137276|137277|137278|137279|137280|137281|137282|137283|137284|137285|137286|137287|137288|137289|137290|137291|137292|137293
68|298117|341189|341190|341191|341192|341193|341194|341195|341196|341197|341198|341199|341255|341200|341201|277378|341203|341204|341205|341206|298126|341208
3|275558|275559|275560|275561|275562|275563|275564|275566|275567|275568|275569|275570|275571
1296|258274
55|118978|118979|118980|118981|118982|118983|118984|118985
1|254967|253913|254969|254970|254971|254972|254973|254974|254975|254976|254197|254978|254979|254980|254981|254982|254983|254984|254985|254986|254987|254988|254989|254990|254991|254992|254993|253919|254995|254996
110|70288|61343|70290|70291|70292|70293|70294|70295|70296|70297|70298|70299|70300|70301|70302|70303|70304|70305|70306
5|181864|181865|162924|181867|181868|181869|181870|181871|181872|181873|181874|181875|181876|181877
