2|34566|34567|34568|34569|34570|34571|34572|34573|34574|34575|34576|34577|34578|34579|34580|34581|34582|34583|34584|34585|34586|34587|34588|34589|34590|34591|34592|34593|34594|34595|34596|34597|34598|34599|34600|34601|34602|34603|34604|34605|34606|34607|34608|34609|34610|34611
4|3222|5899|3243|5901|5902|5903|5904|5905|5906|5907|5908|5909|5910|5911|5912|5913|5914|5915
532|190086|190087|190088|190089|190090|190091|190092|190093|190094|190095
1140|512401
3|24676|24677|24678|24680|39982|24681|24684|39985|39986|24679|24682|24683|24685|24686|24687|39993|39995|39994|39996|24688
55|64330|64331
1|253978|254376|254378|255224|255225|254005|255227|255228|255229|255230|255231|255232|255233|255234|255235|255236|255237|255238|255239|255240|255241|255242|255243|255244|255245|255246|255247|255248|255249|255250|255251|255252
1222|511968|511969|511970|511971|511972|511973|511974|511975|511976
110|126690|246108|246109|246110|246111|508827|510760
5|181951
