2|87882|87885|140920|140921|140922|140923|140924|140925|140926|87875|140928|140929|140930|140931|140932|140933|140934|140935|140936|140937|140938|140939|140940|140941|140942|140943|140944|140945|140946|450708
4|2954|2949|8463|2964|8465|8466|8467|8468|8469|8470|8471|8472|8473|8474|8475|8476|8477|3126|8479|8480|8481|8482|8483
532|513995
526|50353|50354|178871|178872|178873|178874|178875|178876|178877|178878|178879|178880|178881|178882|178883|178884|178885|178886|178887|178888
68|274484|274485|274486|274487|274488|274489|274490|274491|274492|274493|274494
3|49177|193028|193029|193030|193031|193032|193033|193034|193035|193036|193037|193038|193039|193040|193041|193042|193043|193044|193045
55|118625|118626|118627|118628
1|253900|253905|253888|255580|255581|255582|254313|255584|255585|255586|255587|255588|255589|255590|255591|255592
110|66210|66211|66212|66213|178877|515837|515838|515839|515840
5|5384|5385|5386|5387|5388|5389|5390
