2|43458|43459|43460|43461|43462|43463|43464|43465|43466|43467|43468|43469|43470|43471|43472|43473|43474|43475|43476|43477|43478|43479|43480|43481|43482|43483|43484|43485|43486|43487|43488|43489|43490|43491|43492|43493|43494|43495|43496|43497|43498|43499|43500|43501|43502|43503|43504|43505|43506
4|3209|3198|3257|3253|27558|27559|3229|27561|3215|27563|27564|27565|3275|27567|27568|27569|27570|27571|27572|27573|27574|27575|27576|27577|27578
1150|347970|347971
532|515848
1342|168479|168514|168515|168516|168517|168518|168519|168520|168521|168522|168523|168524|168525|168526|168527|168528|168529
68|491787
1011|190220
3|25033|31028|27262|31030|31031|31032|31033|31034|343270|31037|31036|31035
55|66256|67937
1|253985|255594|254345|255596|255597|255598|255599|255600|255601|255602|255603|253995|255605|255606|255607|255608|255609|253976|254322|254003|255613|255614|255615|255616|255617|255618|255619|255620|255621|255622|255623|255624|255625|255626
110|66428|66429|66430|66431|66432|66499|66500|66501|66502|66503|66504|66505|66506|126692|509095|509099|509101|509102|510757|515537|515538|515539|515540
5|64244|64245|64246|64247|64248|64249|64250|64251|64252|64253|64254|64255|64256
