2|35240|35241|35242|35243|35244|35245|35246|35247|35248|35249|35250|35251|35252|35253|35254|35255|35256|35257|35258|35259|35260|35261|35262|35263|35264|35265|35266|35267|35268|35269|35270|35271|35272|35273|35274|35275|35276|35277|35278|35279|35280|35281|35282|35283|35284|35285|35286|35287|35288|35289|35290|35291|35292|35293|35294|35295
4|3210|3216|3272|13015|13016|3231|13018|13019|13020|13021|13022|13023|13024|13025|13026|13027|13028|13029|13030|13031|13032|13033|13034|13035|13036|13037
532|515548
94|2911|415095|415096|415097|415098|415099|415100|415101|415102|415103|415104|415105|415106|415107|415108
68|274383|274384|274385|274386|274387|274388|274389
3|17977|17978|17979|17980|17981|17982|17983|17984|17985|17986|17987|17988|17989|17990|17992|17993|17994
55|238732|148028|148029|66244|148031|148032|148033|148034|148035|148036|148037|148038|148039|148040|148041
1|255627|254010|255629|255630|255631|255632|255634|255636|482577|482578|255633|255635|255637|255638
524|513404
110|66214|66215|66216|66217|66219|496308|496309|126716|66220|66221|66222|514818|515543|515544
5|84182|89641|89642|89643|89644|89645|89646|89647|89648|89649|89650|89651|89652|89653|89654
