2|201221|201222|201223|200507|201225|201226|201227|201228|200506|201230|201231|200521|201233|201234|201235|201236|200512|201238|200520|201240|201241|201242|200514|201244|201245|201246|201247|201248|201249|201250|200518|201252|201253|201254|200508|200513|201257|201258|201259|201260|201261|201262|201263|200519|201265|200515|201267|201268|201269|201270|201271|201272|201273|201274|201275|201276|201277|201278|201279|201280|201281|201282|201283|201284|201285|201286|201287|201288|201289|201290|201291|202666
1372|486475
4|1888|36656|36657|1882|36659|36660|36661|36662|36663|36664|36666|36667|36668|36669|36670|36671|36672|6159|36674|36675|36676|36677|36678|36679|36680|36681|36682|36683|36684|36685|36686|36687|36688|36689
1297|281046|281047|281048|281049|281050|281051|281052|281053|281054|281055|281056|281057|281058|281059|281060|281061|281062|281063|281064|281065|281066|281067|281068|281069|281070|281071|281072|281073|281074
1150|365282|514817
1136|469730|469731|469732|469733
532|188461|219308|185389|188425|276374|276375|219336|219296|276415|276488|276489|276490|276491|219337|276555|276556|276557|276558|276559|276560|276561
638|515695
471|285720|285721|285722|285723|285724|285725|285726|285727|285728|285729|285746|285731|285732|285733|285734|285735|285736|285747|285738|285739|285740|285749|285748|285743|285744|285745
68|31814|199936|199941|198314|199947|202796|202797|199935|198303|198306|199940|199951|198301|202804|199944|198308|202807|199955|202809|198304|202811|198307|198316|202814|202815|199958
1140|480151|480113|507625|480104|507627
3|234031|234032|234033|234034|234035|234036|234037|234038|234039|234040|234041|234042|234043|233751|233767|234046|234047|234048|233764|234050|234051|234052|234053|233759|234055|234056|234057|234058|234059|234060|234061
1296|128550|128529|128568|257615|259798
55|306672|304610|306674|304591|304594|304615|304602|304601|304592|306681|304612|306683|74064|304600|304603|82462|306689|304596|304605|306692|306693|306694|306695|306696|306697|306698|152587|306700|306701|306702|304599|306704|82469|74084
1|864|865|866|867|868|869|870|871|872|873|874|875|876|877|878|879|880|881|882|883|884|885|886|887|255751|254013|255753|255754|255755|255756|242940|255758|255759|255760|255761|255762|255763|255764|255765|255766|242934|255768|255769|255770|255771|255772|242942|255774|255775|255776|255777|255778|255779|255780|255781|255782|255783|255784|255786|255787|255788|255789
524|395217|395220|395221|395222|395223|395219
131|275100|275101|275102|275103|275104|275105|275106|275107|275108|275109|275110|275111|275112|312897|275113|275114|275115|275116|275117|275118
470|35238
1397|512055|512056|512057
110|126755|126756|126757|126758|126759|126760|126761|126762|126763|126764|126765|126766|126767|126768|126769|126770|126771|126772|126773|126774|126775|126776|126777|126778|126779|126780|126781|126782|126783|126784|126785|126786|126787|126788|126790|126791|126792|126793|126794|126795|126796|126797|126798|126799|126800|126801|59828|126803|126804|126805|126807|126808|126809|126810|126811|6167
1138|188426|188427|188428|188429|188430|188431|188432|188433|188434|188435|188436|91951|188438|188439|188440|188441|188442|188443|188444|188445|188446|188447|188448|188449|188450|188451|188452|188453|188454|188455|188456|188457|188458|188459|188460
5|139240|139241|139242|139243|94380|139245|94367|139180|94370|94366|139250|139251|94372|139253|139254|94369|139165|139167|139177|139048|94375|94374|139278|94373|139280|94378|94382|139283|94379|139285|139175|94368|139319|139320|139321|139322|139179|139324|139325|139326|139327
