2|88658|88659|88660|88661|88662|88663|88664|88665|88666|88667|88668|88669|88670|88671|88672|88673|88674|88675|88676|88677|88678|88679|88680|88681|88682|88683|88684|88685|88686|88687|88688|88689|88690|88691|88692|88693|88694|88695|88696|88697|88698|88699|88700|88701|88702|88703|88704|88705|88706|88707|88708|88709|88710|88711|88712|88713|88714|88715|88716
4|133475|133476|133477|133478|133479|133480|133481|133482|133483|133484|133485|133486|37598|133488|133489|133490|515005
532|324634
68|178564|178565|178566|178567|178568|178718|178569|178570|178571|178572|446932|178574|178575|178576|178577|178578|178579|178580
3|277380|277381|277382|277383|277384|277385|277386|277387|277388|277389|277390|277391|277392|277393|277394|277395|277396|277397|277398|277399|277400|277401|277402|277403|277404
1296|259889
55|118949|118950|66240|118952|82478|118954|118955|118956|118957|118958|118959|118960|118961|118962|118963
1|253926|253924|253911|253923|255794|254166|254154|255797|255798|255799|255800|253936|254158|255803|255804|255805|254184|255807|253934|255809|255810|254057|253935|255813|255814|255815|255816|255817|253940|255819|255820|255821|255822|255823|255824|255825|255826|255827|255828
110|71281|61336|71283|61348|61341|61355|71287|71288|71289|71290|71291|71292|71293|71294|71295|71296|71297|71298|71299|71300|71301|71302|71303|71304|71305|71306
5|160744|198323|198324|160735|198326|198327|160747|198329|198330|198331|198332|198333|198334|181034|198336|198337|198338|198339|198340|198341|198342|198343|198344|198345|198346|198347|198527
