2|148455|148456|148457|148458|148459|148460|148461|148462|148463|148464|148465|148466|148467|148468|148469|148470|148471|148472|148473|148474|148475|148476|148477|148478|148479|148480|148481|148482|148483|148484|148486|148487|148488|148489|148490|148491|148492|148493|148494|148495|148496|148497|148498|148499|148500|148501|148502|148503|148504|148505|148506|148507|148508|148509|148510|148511|148512|148513|148514
4|137755|137756|137757|137758|137759|137760|137761|137762|137763|137764|137765|137766|137767|137768|137769|137770|137771|137772|137773|137774|137775
532|219339
68|247402|247403|247404|247405|247406|247407|247408|247409|247410|247411|247412|247413|247414|247416|247415
3|276763|276764|276765|276766|276767|276768|276769|276770|276771|276772|276773|276774|276775|276776|276777|276778|276779|276780|276781|276782|276783|276784|276785
1296|259847
55|76560|76561|76562|76563|76564|76565|76566|76567
1|253912|255830|253922|255832|255833|255834|253933|255836|255837|255838|255839|253925|253928|255842|254190|255844|255845|255846|255847|255848|255849|255850|255851|255852|255853|255854|255855|255856|255857|255858|255859|255860|255861|255862|255863|254147|255865|255866|255867|255868
1273|394197|435342
110|59825|59826|59827|59829|59830|59831|59832|59833|59834|59835|59836|59838
978|210072|210073|210074|206519|210076|210077|210078|210079|210071|210080|210081|210082|210083|210084|210085|210086|210087|210088|366894|216831|216832|216833|216834|304563|216835|216836|216837|216838|216839|216840|269615|269616|269617|366909|269618|269619|269620|269621|269622|366915|305429|269623|269625|269626|269627|269628|269629|269630|269631
5|160738|184022|162916|184024|184025|184026|184027|184028|184029|184030|184031|184032|184033|184034|184035|184036|184037
