2|41918|41919|41920|41921|41922|41923|41924|41925|41926|41927|41928|41929|41930|41931|41932|41933|41934|41935|41936|41937|41938|41939|41940|41941|41942|41943|41944|41945|41946|41947|41948|41949
4|1886|14368|14369|1892|1863|14372|14373|14374|14375|14376|14377|14378|14379|14380
532|515849
471|191334|191335|191336|191337|191338|191339|191340|191341|191342|191343|191344|191345|191346|191347|191348|191349
68|515969
3|227057|227058|227059|227060|227061|227062|227063|227064|227065|227067|227068|227066|227069|227070|227071|227072|227073|227074|227075|227076|227077|227078|227079|227080|227081|227082|227083|227084|227085|227086|227087|227088
248|423701|423702|423703|423704|423705|423706|423707|423708|423709|423710|423711|423712|423713|423714|423715|423716|423717|423718|423719|423720|423721|423722|423723|423724|423725|423726|423727|423728|423729|423730|423731|423732|423733|423734|423735|423736|423737|423738
55|213076|213077|213078|213079|213080|213081|213082|82458
1|254236|255883|255884|255885|255886|255887|255888|255889|255890|255891|255892|255894|255895|255896|255897|255898|255899|255900
110|66523|66524|66525|66526|66527|66528|66529|505789|513820
5|326886|326887|326888|326889|326890|326891|326892|326893|326894
