2|49460|49461|49462|49463|49464|49465|49466|49467|49468|49469|49470|49471|49472|49473|49474|49475|49476|49477|49478|49479|49480|49481|49482|49483|49484|49485|49486|49487|49488|49489|49490|49491|49492|49493|49494|49495|49496|49497|49498|49499|49500|49501|49502|49503|49504|49505|49506|49507|49508|49509|49510|49511|49512|49513|49514|49515|49516|49517|49518
4|1943|1970|1885|7642|7643|1898|1899|7646|1988|7648|1986|7650|7651|7652|7654|7655|7656|7657|1880|7659|7660|7661|7662|7663|7664|7665|7666|7758|11334
532|513464|513709|513715
68|248797|249625|249208|249627|249206|249629|248818|248803|249632|249633|249634|249635|249636|249637|249638|249639|249640|249641|249642|249643|249644|249645|249646|249647|249648|249649|249650|249651
1140|507628|507629|480149
3|246335|246336|246337|246338|246339|246340|246341|246342|246343|246344|246345|246346|246347|246348|246349|246350|246351|246352|246353
1296|260322
55|146637|146638|146639|146640|146641|146642|84741|82475|146645|82460|146647|146648|146649|84756|146651|146652|146653|146654|146655|146656|146657
1|243430|254205|256009|256010|254213|256012|254220|256014|256015|256016|256017|243440|254229|243435|256022|256023|256024|256025|256026|256027|254211|256030|256032|256033|256034|256035
110|68512|68513|68514|68515|68516|68517|68518|68519|495765|68520|68521|68522|68523|68524|68525|68526|68527|513708
1076|9658|58832|2920|58834|58835|2924|58837|58838|15449|58840|2919|2918|2908|15451|2917|15455|58847|58848|58849|58850|58851|58852|58853|58854
5|234428|324486|234436|234445|324489|324490|234429|324492|324493|324494|324495|324496|324497|234432|324499|234431|324501|324502|324503|324504|324505|324506|324507|412614
