2|44208|44209|44210|44211|44212|44213|44214|44215|44216|44217|44218|44219|44220|44221|44222|44223|44224|44225|44226|44227|44228|44229|44230|44231|44232|44233|44234|44235|44236|44237|44238|44239|44240|44241|44242|44243|44245|44246|44247|44248
4|1868|1884|5173|5174|5175|5176|5177|5178|1872|5181|5182|5183|5184|5185|5186|5187|5188|5189|5190|5191|5192|5193|5194|5195
1318|21479
68|249602|248802|248798|248816|249606|249607|249608|249609|249610|249611|249612|249201|249614|249615|249616|249617|249618|249619|249620|249621|249622|249623
1140|480127
3|246768|246769|246770|246771|246772|246773|246774|246776|246777|246778|246779|246780|246781|246782|246783|246784
505|56563|370427|56999|370429|370430|370431|370432|370433|57004|56993|370436|370437|370438|57001|370440|56997|370442|370443|57006
55|77706|77707|77708|77709|77710|77711|77712|21961|77714|77715|77716|77717|77718|77719
1|243433|254202|256061|254207|254215|243431|256065|256066|254219|256068|256069|256070|243442|256072|256073|256074|256075|256076|256077|256078|256079|256080|256081
110|68528|68627|68628|68629|68630|68631|68632|68633|68634|68635|68636|68637|68638
5|234442|240582|240583|240584|240585|240586|240587|240588|235208|240590|240591|240592|240593|240594|240595|240596|240597|240598|240599|240600|240601|240602|240603|240604|240605|240606|240607
