2|87880|171125|171126|171127|91664|171129|171130|171131|171132|171133|171134|171135|171136|171137|171138|171139|171140|91661|171142|171143|171146|171145|87892|91659|171150|171149|171152|171151|171154|171153|171156|171155|171158|91653|171160|171159|171161|171162|171163|171164|171165|171166|91662|171168|171169|87873|171171|171172|171173|171174|171175|171176|171177|171178|171179|171180|171181|171182|171183|171184|171185|171186|171187|171188|171189|171190|171191|171192|171193|171194|171195|171196|171197|171198|171199|171200|171201|171202|171203|171204|171205|171206|171207|171208|171209|171210|171211|171212|171213|171214|171215|87888|171217|171218|171219|171220|171221|91680|171223|171224|171225|171226|171227|91672|171229|171230|171231|171232|171233|171234|171235|91682|171239|171240|171241|171242|171243|171244|171245|171246|171247|171248|87869
4|2943|2971|3099|13802|3104|13804|13805|13806|3128|2967|13809|13810|13811|13812|13813|13814|13815|13816|2955|13818|13819|13820|13822|13823|13824|13825|2970|13827|13828|13829
532|497461|515536|515699
471|228066|228067|228068|228069|228070|228071
68|274920|274723|280254|274925|274937|280257|274716|274734|280260|280261|280262|280263|280264|274934|274729|280267|280268|280269|280270|280271|280272|280273|280274
1140|507638
1011|515850|515851
3|112685|112686|112687|112688|112689|112690|112691|112692|112693|112694|112695|112696|112697|112698|112699|112700|112701|112702|112703|112704|112705|112706|112707|112708|112709
1296|257616|258805|257614|513711
55|74080|74081|74082|232593|66241|74068|232596|232597|232598|232599|74075|74867|74069|74077|232604|232605|232606|232607|74067|232609|232610|232611|232612|232613|232614|232615|232616|232617|232618|232619|232620
1|253899|253902|254302|256269|253890|253886|253895|254299|253884|256275|254284|256277|253906|256279|256280|256281|256282|256283|256284|256285|254287|254314|254289|256289|256290|256291|256292|256293|253907|256295|256296|256297|256298|256299|256300|256301|256302|256303|256304|256305|256306|256307|256308|256309|256310|256311|256312|254312|256314|256315|256316|256317|256318|256319|256320|256321|256322|256323
524|395218
110|49338|49339|49340|49341|49342|49343|49344|49345|49346|49347|49348|49349|49350|49355|49351|49352|49377|49354|49374|49386|49379|49375|49378|49380|49381|49382|49383|49384|49385|49353|85425|49387|49388|49422|49423|49424|49425|49426|49427|49428|49429
5|5448|76034|16800|7761|76037|24732|76039|16798|76041|24730|76043|76044|76045|76046|76047|16797|76049|76050|5449|76052|24725|76054|76055|76056|76057|76058|76059|24729|76061|76062|24735|76064|76065|76066|76067
