2|80158|80159|80160|80161|80162|80163|80164|80165|80166|80167|80168|80169|80170|80171|80172|80173|80174|80175|80176|80177|80178|80179|80180|80181|80182|80183|80184|80185|80186|80187|80188|80189
4|2945|2957|2956|2951|2946|2960|3121|5238|2952|3118|5241|5242|5243|5244|5245|5246|5247|5248|3127|5250|5251|5252|5253|3120|5255|5256|5257|5258|5259|5260|5261|5262|3122|5264|5265|5266|5267
68|274720|274727|274732|275294|275295|275296|274939|275298|275299|275300
1011|515615
3|196100|196101|196102|196103|196104|196105|196106|196107|196108|196109|196110|196111|196112|196113|196114|196115|196116|196117|196118|196119|196120|196121|196122|196123
55|74063|74874|80834|80835|80836|80837|80838|80839|80840|80841|80842
1|254286|256338|256339|256340|254276|256342|256343|256344|256345|253892|256347|256348|253898|256350|256351|256352|256353|256354|256355|256356|256357|256358
1157|442952|442955|442956|442957|442958|442959|442960|459343|491935|459344|459698|491343|459699|459703|459701|459700|459702|460067|460068|460086|460087
110|49994|49995|49996|49997|49998|49999|50000|50001|50002|216328
5|24722|16796|76979|76980|76981|76982|76983|76984|76985|76986|76987|16801|76989|76990|76991|76992|76993|76994
