2|44358|44359|44360|44361|44362|44363|44364|44365|44366|44367|44368|44369|44370|44371|44372|44373|44374|44375|44376|44377|44378|44379|44380|44381|44382|44383|44384|44385|44386|44387|44388|44389|44390|44391|44392|44393|44394|44395|44396
4|1947|17091|17092|17093|17094|17095|17096|17097|1991|17099|17100|17101|17102|17103|17104|17105|17106|17107|17108|17109|32743
1392|501129|501130
68|249188|249199|249438|249439|249440|249441|248814|249443|249444|249445|249446|249447|249448|249449
1353|395529|395530|395532|395533|395534|395535|395536
3|237150|237151|237152|237153|237154|237155|237156|237157|237158|237159|237160
55|82473|293145|293146|293147|293148|293149|293150
1|418162|418163|418164|418165|418166|418167|418168|418169|418170|418171|418172|418173|418174|418175|418176|418177
110|68681|68682|68683|68684|68685|68686
1401|501129|501130|513457|513459|515685|515686
5|234430|239229|239230|234443|239232|239233|239234|239235
