2|41440|41441|41442|41443|41444|41445|41446|41447|41448|41449|41450|41451|41452|41453|41454|41455|41456|41457|41458|41459|41460|41461|41462|41463|41464|41465|41466|41467|41468|41469|41470|41471|41472|41473|41474|41475|41476|41477|41478|41479|41480|41481|41482|41483|41484|41485|45469|41486|41487
4|3203|3232|3213|3221|23687|3262|23689|23690|3252|23692|23693|23694|23695|23696|23697|23698|23699|23700|23701|23702|23703|23704|23705|23706|23707|23708|23709
68|274611|274619|274609|274616|274974|274975|274976|274977|274978|274979|274980
1011|132186
3|20187|20188|20189|20190|20191|20192|20193
1296|128537
55|66239|66249|144122|144123|144124|144125|144126|144127|144128
1|253991|256490|253977|256492|256493|256494|256495|256496|256497|256498|256499|256500|256501|256502|256503|256504|256505|256506|256507|254367|256509|256510|253980|256512|256513|256514|256515|256516|256517|256518|256519|256520|256521|256522|256523|256524|256525|256526|256527|256528|256529|256530|256531|256532|256533|256534|256535|256536|256537
110|126678|126676|126692|126719|246390|126709|246392|512213|512217|512218|512219|512220|511726|513825|513827|513829|513833|513834|515372|515616
5|21113|21114|21115|21116|21117|21118|21119|21120|21121|21122|21123|21124|21125|21126
