2|41688|41689|41690|41691|41692|41693|41694|41695|41696|41697|41812|41698|41699|41700|41701|41702|41703|41704|41705|41706|41707|41708|41709|41710|41711|41712|41713|41714|41715|41716|41717|41718|41719|41720|41721|41722|41723|41724|41725|41726|41727|41728|41729|41730|41731|41732|41733|41734|41735|41736|41737|41738|41739|41740|41741|41742|41743|41744
4|3241|3196|32604|32605|32606|32607|32608|32610|32609|3227|32612|32613|32614|32615|32616|3254|32618|32619|32620|32621|32622|32623|32624|32625|32626|32627|32628|32629|32630|32631|32632|32633|32634|32635|32636|32637|32638
532|96669|96670|96671|96672|96673|96674|96675|96676
68|274617|198321|279683|274618|274613|280383|280384|280385|280386|280387|280388|280389|279702|280391
3|22350|22351|22352|22353|22354|22355|22356|22357|27989|22358|22359|22360|22361|22362|22363|22364|22365|22366|22368|22369|22370|22371|22372
1296|128543|260125
55|66253|66233|66245|66242|77412|66251|149837|149838|66258|149840|66246|252055
1|253986|253975|254325|256572|254001|256574|253996|254364|256577|256578|254362|256580|254350|254009|256583|256584|256585|254357|256587|256588|254007|256590|256591|256592|256593|256594|256595|254004|256597|256598|256599|256600|256601|256603|256604|256605|256606|256607|256608|256609
110|247314|126699|126702|126683|247318|126681|247320|126706|247322|126696|126686|126704|247326|126680|126695|247329|126720|247331|247332|247333
5|70592|70593|70594|70595|6165|6163|70598|70599|70600|70601|70602|70603|82968
