2|33201|33202|33203|33204|33205|33206|33207|33208|33209|33210|33211|33212|33213|33214|33215|33216|33217|33218|33219|33220|33221|33222|33223|33224|33225|33226|33227|33228|33229|33230|33231|33232|33233|33234|33235|33236|33237|33238|33239|33240|33241|33242|33243|33244|33245|33246|33247|33248|33249|33250|33251
4|3200|3220|3204|24639|24640|24641|24656|24643|24644|24645|24646|24647|24648|24649|24650|24651|24652|24654|24655|24667|24657|24658|24659|24660|24661|24662|24663|24664|24665|24666|24668|24669
532|512794|515847
68|274258|274259|274260|274261|274262|274263|274264|274265|274266|274267|274268|274269|274270|274271|274272|274273|274274|274275|274276|274277|274278|274279|274280|274281|274282|274283|274284
3|18020|18021|18022|18023|18024|18025|18026|18027|18028|18029|18030|18031|18032|18033|18034
1296|257609
55|6175|89950|66254|89952|89953|89954|89955|89956|89957|89958|89959
1|253988|253990|254358|254352|256676|254346|256678|256679|256680|256681|256682|256683|256684|256685|256686|256687|256688|256689|256690|256691|256692|256693|256694|256695|256696|256697|254333|256699|256700|256701
110|66277|66279|66280|66281|66282|66283|66284|66285|66286|66287|66288|507177|506455|506200|509378|504903|506495|508770|509374|510758|513463|515387|515552|515694
5|71900|71901|71902|71904|71903|71905|71906|71907|71908|71909|71910|71911|71912|71913|71914|71915|71916|71917|71918|71919|71920|71921
