2|73733|73767|28515|50643|73791|30329|22209|22206|73827|22214|73925|73945|22207|73960|73975|50638|74123|74124|74125|74264|74265|74266|26760|76465|22217|74765|74766|74859|74860|74923|28489|22204|75056|75057|50640|22208|26762|75121|22070|75216|75217|75312|75313|75314|52734|75365|22203|75367|22213|75369|75682|22218|75684|75685|75686|30335|75688|75913|75914|75915|75916|76010|76011|50772|76013|22216|76149|76150|76151|76152|76153|76154
4|27436|27490|27271|27508|42124|27270|324618|27491|27379|27382|49566|30105|42114|27441|30097|27278|42673|325714|30122|27182|27405|27515|27384|24546|27438|24547|27450|42678|42693|27186|27385|24548
532|219335|283378|312407
68|293309|293316|293317|293320|292386|293307|293311|293323|301985|293313|293319|293324|293315|293325|293331|295091|293333|293312|301996|293326|293329|293330|293332|293334|302002|293310
1011|510819|513512
3|31349|28195|28190|28194|28193|35483|31351|28153|28205|31345|35488|31339|28202|28197|35492|35493|28200|28196|31343|28199|35498|31340|31350|35501|35502|28204|35504|31341|35506|31348
55|433851|433808|414518|414513|414516|414519|414479|414472|433841|414515|414565|414514|433863|433843|433835|414493|311134|414522|414517|414556|433809|433872|433837|433840|414483|433824|414558|414526
1|625|626|627|628|615|630|631|632|634|607|614|604|638|639|608|606|642|643|613|618|619|647|648|649|650|651|652|653|617|655|656|657|658|659|660|661|662|663|664|623
250|404579|435871|435872|435873|435874|435875|404582|404580|435878|404581|435880|404575|404592|435883|435884|404590|435886|435887|435888|435889|435890|435891|435892|404597|435894|435895|435896|435897|404585|435899|435900|435901|404577|435903|435904|404599|435906|435907|404602|435909|435910|404586|435912|404584|435914|435915|404578|435917|435918|404589|435920|435921|404593|452667
110|121077|124855|95599|94461|121080|124859|121615|124861|124862|124863|95597|95777|115978|121078|95600|124869|115878|124871|115540|94939|121082|124875|124876|115414|95601|115879|94462|115881|124882|124883|94463|121617|124886|124887|94936|124889|115541|124890|124891|121616|94938|121081|124895|95604|115543|124898|124899|115979|121619|124902|94466|95605|124905|121084|115545|124908|121618|115882|121095|94468|95603|124914|121621|124916|124917|121620|94465|124920|121093|124922|124923|115885|94464|125711|127274|127275|489634|512906|514919|514925|516002
5|30296|30466|30467|9826|30294|30470|30471|30472|9824|30475|30297|30312|30307|30299|30322|30318|30310|30483|30484|30316|30306|30323|30320|30489
