2|50638|50640|50643|50771|50772|50773|51034|51035|51036|51037|51038|51039|51040|51041|51042|51043|51044|51045|51046|51047|22216|52235|52258|52259|52260|52261|52262|52263|52394|52395|52396|52397|52480|52481|52482|52483|52484|52485|52623|52624|52625|52626|52627|52628|52629|52630|52733|52734|52735|52736|52737|52738|52739|52742|52741|52890|52889|52892|52891|53032|52893|53029|53031|53033|53034|53035
4|30094|30095|30096|30097|30098|30099|30100|30101|30102|30103|30104|30105|30106|30107|30108|30109|30110|30111|30112|30113|30114|30115|30116|30117|30118|30119|30120|459542
1350|413882|413883|413884|413885|413886|413887|413888|413889|413891|413892|413893|413894|413895|413896|413897|511153|511156|511157|511158|511159|511160|511161|511162|413890|515996|515997|516020
1159|511188|511189|511190|511191|511192|511193|511194|511195|511196|511197
471|230632|230633|230634|230635|230636|230637|230638|230639|230640|230641|230642|230643
68|293312|301985|293316|347048|347049|293325|301996|347053|293326|293323|347056|347057|347058|347059|293330|347062|347063|347064|347065|347066|293309
3|36481|28153|28201|31351|28196|28193|35498|35493|28152|36490|31350|36492|28195|35504|57533|57534|57535|35502|57537|57538|57539|57540|57541|57542|57543|57544|212017|31346|31342
55|414513|414514|414515|414516|414517|414518|414519|414520|414521|414522|414523|414524|414525|414526|414527|414528|414529|414530|414531|414532|414553|414554|414555|414556|414557
1|627|603|605|615|638|608|177588|604|659|643|208579|647|617|612|177595|652|639|620|177599|657|208589|177601|177602|177603|177604|607|655|177607|177608|177609|177610|177611|177612|177613|656|660|662|663|622|177619|177620|623|177622|177623|177624|177625|177626|177627|177628
250|435875|435880|505548|505549|435871|435888|435872|435890|413895|435910|435904|435917|505557|513514
110|121077|121078|121079|121080|121081|121082|121083|121084|121085|121086|121087|121088|121089|121090|121091|121092|121093|121094|121095|121096|121097|121098|121099|510611|510613|516002
5|30294|30316|104972|30314|104974|30318|104976|104977|104978|104979|30297|30293|30299|30311|30484|30323|30320|30300|30322|104988|104989|30489|30466|104992|104993|104994|30319|104996|30315|104998
