2|73925|74859|109301|75369|75684|109304|109561|109562|109563|109564|109800|109801|22203|109803|109804|109850|109851|109852|109853|109854|109892|74923|109894|76153|109896|109969|109970|109971|110096|110264|110266|110267|110395|110396|110397|110398|110562|110563|110564|110691|110692|110693|110822|110823|110824|111066|111067|111068|111069|111070|111071|111072|111073|111074|111075
4|42114|8541|42116|42117|42118|42119|42120|42121|42122|42123|42124|42125|42126|42128|42129|42130|42131|42132|42133|42134|42135
532|283378|283379|283380|283381|283382|283383|283384|283385
68|293311|299974|299975|299976
1011|513512|516027
3|28194|28199|58217|58218|58219|58220|31341|58222|58223|58224|58225|58226|58227|58228|58229|58230|58231
55|414472|414473|414474|414475|414476|414477|414478
1|45775|602|45777|648|642|45780|630|45782|45783|45784|45785|45786|45787|45788|45789|45790|45791|45792|45793|45794|45795|45796|45797|45798|45799
110|94461|94462|94463|94464|94465|94466|94467|94468|94469|512651|514922|514923|514924|515326|515580|516004
5|30309|119699|222285|119700|30475|119702|119703|171065|119704|30471|119706|119707|222473
