2|69274|119097|71383|71386|104402|71370|119096|104405|69276|71372|104404|71382|69278|71368|119106|69287|71371|69283|71369|104407|71367|104417|176613|28407|176615|55072|28408|28415|176619|55104|28410|55092|55077|176624|55093|55084|55107|176628|28418|28423|55087|55110|55101|55088|28414|55080|55075|176638|28412|55067|224147|224148|224149|224150|224151|224152|224153|156730|224155|224156|224157|224158|224159|224160|224161|224162|156729|224164|224165|224166|224167|224168|224169|224170|9297|224172|224173|224174|224175|224176|156733|156724|224179|224180|224181|224182|224183|224184|224185|224186|224187|224188|224189|224190|224191|224192|224193|9298|224195|224196|224197|224198|224199|224200|224201|224202|37627|118863|193744|47299|118862|37614|118868|193737|37605|118875|47282|37608|37625|118887|193738|47281|296012|296013|37601|118869|47288|193739|118886|37602|296020|193745|296022|118881|193742|37606|47284|118871|296028|193743|118882|296031|118872|296033|47286|37626|118860|118895|193736|296039|118876|118865|37645|37644|118878|118859|37615|37654|118902|118877|118916|118879|118861
4|57872|57879|57876|58647|58648|57880|57877|57897|58652|57892|57871|57888|8537|57882|58658|57894|58660|57890|57883|58663|57869|57889|58667|58668|58669|57893|57884|57875|57895|57881|58674|57891|57900|57743
532|512926
68|312594|312582|312575|327908|216673|312555|327911|193683|327913|312591|312569|312572|327917|312586|193176|216674|327921|327923|327924|312571|312564|327927|193671|192816|327930|312583|327932|193329|312568|327935|327936|194003|193364|312579|312590|327941|193673|327943|327944|193363|312580|327947|327948|193667|312578
1011|192766|131855|131525|190232|57898|192296|191501|192770|300975|192297|192300
3|26923|26924|26925|17235|16116|17148|26929|26930|26931|26932|26933|17242|26935|26936|26937|26938|26939|26940|17243|26942|26943|17231|26945|26946|26947|26948|26949|26950|26951|26952|17149|26954|26955|26957|26958|17233|26961|26963|26964|17245|26966|16118|26968|26969|26970|17232|26974|17250|26976|16115|17238|26980|26981|26982|26983
55|122948|122954|122952|122945|122955|122957|122965|122958|122959|122944|122956|123389|122967|122971|122964|123393|122961|122949|122977|122976|122968|123399|122978|123401|123402|123403|123489|122972|122969|123494|122951|122962|122950|122960|123503|122973|122966|123508|123553|123554|123563|122975|123598|122953|122970|122963|123612
1|26491|26492|26493|26494|26495|26496|26497|26498|24074|26500|26501|26502|26503|24073|26505|24077|26507|26508|26509|24134|26511|24116|24117|24114|24118|24112|24121|24128|24152|24115|24125|24147|24126|24148|24120|26552|19099|11121|19104|26555|57603|11124|57605|57606|19102|57608|57609|19100|19105|11118|57613|57614|19101|57616|57617|57618|26458|26553|26457|96737|26463|26548|26447|26465|26442|96743|26450|96745|26444|96747|26464|26467|26455|96751|26454|26470|26460|96755|96756|96757|26456|96759
1389|508490
110|65845|65846|126386|76847|126388|65852|65849|65850|65847|65859|65853|65851|126396|126397|65854|75067|75842|75844|75064|75850|75059|75851|75061|75058|75855|72617|75843|75856|75532|75533|75534|75535|75536|75544|75543|75542|75539|74683|75537|77746|76407|77731|77739|77749|77743|77734|77725|77727|77748|77720|77729|77726|77736|77744|77738|77740|77751|77737|77747
5|186014|147511|147510|186004|147513|180187|251295|147508|180183|251289|180189|147516|186005|180191|147522|180184|147509|354569|147517|186012|180190|180186|186006|147512|180195|180197|361852|361853|99584|351370|351361|351358|351371|351354|351366|351355|361862|351376|351360|351364|351377|361867|351353|351383|351367|351368|361872|99585|351362|351349|351381|361877|99590|157493|146041|146040|363561|251783|157492|146036|251779|251782|363568|157498|363565|146037|251780|157499|363577|251781|251785|364315|146039|363562|251789|363570|251788|363567|251792|148056|49064|148043|49065|148045|49066|148047|49067|149341|148061|49068|148048|49069|49070|148062|115503
1152|391439|391379|391440|391441|391442|391443|391444|391445|391446|391447|391448
