2|241542|241543|237708|241545|224172|241547|241548|241549|241550|237693|237694|224173|241554|224181|9298|237707|224184|241559|241560|241561|237684|241563|241564|224185|241566|241567|241568|241569|241570|237697|237700|224193|237728|241575|237720|241577|241578|241579|241580|224195|241582|241583|241584|237727|241586|241587|241588|241589|241590|241591|224170|241593|241594|241595|241596|241597|224190|224200|224188|241601|241602|224201|241604|241605|241606|241607|241608|224187|241610|224189|241612|241613|244544|244545|237716|244547|224164|244549|244550|224183|224192|224157|244554|224155|244556|244557|244558|224153|224197
4|205528|57883|57869|57885|58667|8537|57888|205535|205536|57875|57870|57882|58647|57890|205542|205543|57893|57879|57889|205547|205548|57891|58669|58674|57887|205553|205554|57897|205556|205557|205558|205559|205560|205561|205562|205563|205564|205565|205566|205567|205568|205569|205570
532|512925
1388|515661
471|298360|298361|298362|298363|298364|298365|298366|298367|298368|298369|298370|298371|298372|298373|298374|298375
68|312584|312561|312568|312567|327936|312557|312555|327913|327944|327911|312564|312594|312572|327917|312579|327921|330186|330187|327948|312590|312588|330191|312582|330193|330194|327924|312583|312591|330198|330199|330200|330201|330202|327941|330204|330205|330206|312586|330208|312589|330210|330211|330212|330213|312569|330215|330216|330217|330218|330219|330220|312593|330222|327908|327923|330225|330226|312580|330228|330229|330230|330231|330232|330233
3|26950|151070|26957|26969|151073|151074|26955|26933|26940|26954|151079|49170|151081|26937|26938|26962|26966|151086|26923|26925|151089|26943|26952|151092|151093|151094|26982|151096|26968|151098|26946|26935|151101|26947|151103|151104|26942|26949|26970|151108|26964|26981|151111|26929|151113|151114|151115|26980|151117|26961|151119|151120|151121|26976|151123|151124|151125|26930|151127|151128|151129|151130|151131
55|250643|122949|122958|122968|123393|123403|250649|250650|250651|250652|250653|122964|122974|122946|122965|122961|122978|122944|250661|250662|123612|250664|250665|250666|123389|123399|250669|250670|250671|123563|250673|250674
1|26435|26436|26437|26438|26439|26440|26441|26442|26443|26444|26445|26446|26447|26448|26449|26450|26451|26452|26453|26454|26455|26456|26457|26458|26459|26460|26462|26463|26464|26465|26466|26467|26468|26469|26470|26471|26472
524|432938
110|77720|77722|77724|77725|77726|77727|77729|77730|77731|77733|77734|77735|77736|77737|77738|77739|77740|77741|77742|77743|77744|77745|77746|77747|77748|77749|77750|77751
5|351349|351350|351351|351352|351353|351354|351355|351356|351357|351358|351359|351360|351361|351362|351363|351364|351365|351366|351367|351368|351369|351370|351371|351372|361862|351374|351375|351376|351377|351378|351379|351380|351381|351382|351383|351384|351385
1152|391379|391439|391440|391441|391442|391443|391444|391445|391446|391447|391448
