2|55064|55065|55066|55067|55068|55069|55070|55071|55072|55073|55074|55075|55076|55077|55078|55079|55080|55081|55082|55083|55084|55085|55086|55087|55088|55089|55090|55091|55092|55093|55094|55095|55096|55097|55098|55099|55100|55101|55102|55103|55104|55105|55106|55107|55108|55109|55110|55111|55112|55113|55114|55115|55116|55117|55118|55119
4|57873|205417|205418|205419|205420|205421|205422|205423|205424|205425|205426|205427|205428|205429|205430
68|193667|193668|193669|193671|193672|193673|193674|193675|193676|193677|193678|193679|193680|193681|193682|193683
3|17231|17232|17233|17234|17235|17236|17237|17238|17239|17240|17241|208387
1383|470554|470555|470556|470557|470558|470559|470560
55|122950|206544|122966|206546|206547|206548|206549|206550|206551|206552
1|24110|24111|24112|24113|24114|24115|24116|24117|24118|24119|24120|24121|24122|24123|24124|24125|24126|24128|24129|24130|24131|24132|24133|24134|24135|24136|24137|24138|24139|24140|24141|24142|24143|24144|24145|24146|24147|24148|24149|24150|24151|24152|24153|24154|24155|24156|24157|24158|24159|24160|24161|24162|24163|24164
107|393497|393498|393499|393500|393501|393502|393503|393504
110|75532|75533|75534|75535|75536|75537|75538|75539|75540|75541|75542|75543|75544|75545|75546
5|115488|49068|49070|49065|115492|49066|115494|49064|115497|115498|115499|115500|115501|115502|115503
