2|69274|69275|69276|69277|69278|69279|69280|69281|69282|69283|69284|69285|69286|69287|69288|69289|69290|69291|69292|69293|69294|69295|69296|69297|69298|69299|69300|69301|69302|69303|69304|69305|69306|69307|69308|69309|69310|69311|69312|71991|71992|71993|71994|71995|71996|71997|71998
4|234558|234559|234560|234561|234562|234563|234564|234565|234566|8506|234568|234569|234570|234571|234572|234573|234574
532|501764|501765
68|193327|193328|193329|193330|193331|193332|193333|193334
1011|131855|192296|192297|192298|192299|192300|192301|192302|192303|192304
3|17148|17149|17150|17151|17152|17153|17154|17155
55|122971|122973|123598|122970|122954|124419
1|19099|19100|19101|19102|19103|19104|19105|19106|19107|19108|19109|19110|19111|19112|19113|19114|19115|19116|19117|19118|19119|19120
985|392175|392176|392177|392178|392179|392180|392181|392182|392191
110|65859|65860|508171|508172|510366|514360|514361|515333
5|354569|251289|251290|251291|251292|251293|251294|251295|251296|251297
