2|71363|71364|71365|71366|71367|71368|71369|71370|71371|71372|71373|71374|71375|71376|71377|71378|71379|71380|71381|71382|71383|71384|71385|71386|71387|71388|71389|71390|71391|71392|71393|71394|71395|71396|71397|71398|71399|71400|71401
4|57880|57871|58648|57881|205019|205020|58658|205022|205023|205024|205025|205026|205027|205028|205029|205030|205031|205032|205033|205034|205035|205036|205037|205038|205039
68|216673|216674|216675|216676|216677|216678|216679|216680|216681|216682|216683|216684|216685
1011|57898|500695|192766|500697|192768|500699|192767
3|17242|17243|17244|17245|17246|17250|17251|214763|17252|214765|17253
55|122963|123553|124374|123508|124376|124377|124378|124379|124380|124381|124382|124383|124384
1|26552|140359|140360|57613|57603|140363|140364|140365|57609|57606|57605|140369|140370|140371|140372|140373|57618|140375|140376|140377|57616|140379|140380|140381
1389|508490
110|65845|65846|65847|65848|65849|65850|65851|65852|65853|65854|65855|65856|65857|65858|510364|510365|512425|513066|514173|515332
5|147508|147509|147510|147511|147512|147513|147514|147515|147516|147517|147518|147519|147520|147521|147522
