2|6337|6338|6339|6340|6341|6342|6343|6344|6188|6346|6347|6348|6349|6350|6351|6352|6353|6354|6192|6356|6357|6358|6359|6360|6361|6362|6363|6364|6365|6366|6367|6368|6369|6370|6371|6372|6373|6374|6375|6376|6377|6378|6379|6380|6381|6382|6383|6384|6385|6386|6387|6191|6389|6390|6391|6392|6393|6394|6395|6396|6397|6193|6399|6400|6401|6404|6403|6406|6407|6408|6409|6410|6411|6412|6413|6414|6415|6189|6417|6420|6419|6422|6421|6424|6423|6425|6426|6427
4|197285|229271|229272|198403|184814|200529|229276|213840|229278|229279|212766|197280|212775|229283|229284|213826|242290|1691|229287|229288|229289|236196
532|247897
68|185439|186024|185443|186026|185442|185445|185434|186030|185430|185444|186033|185452|185427|185438|186037|186038|185440|9170|185431|185449|186043|186044|186045|185453|186047|186914|186915|185433|186918|186919|186920|186921|186922|185446
1011|132660|508973|132659|515676
3|290599|287826|287830|287828|290603|290604|290605|290606|290607|290608|290609|287831|290611|287823|287832|290614|287833|287834|287827|290618|49209
1296|44|189152|137646|189155
55|59277|59274|282205|72076|59269|283341|59273|59270|283342|59262|283516|72078|72075|282969|59261|309976|282968|283738|59275|59264|282976|59260|309983
1|32|36|37|59|70|71|48|39|43|52|11520|90|89|14735|14734|91|11518|3190|146|30|148|149|150|45|152|4|154|51|8|157|28|159|160|63|54|163|164|9|50|167|46|169|1|171|172|5|64|49|177|3|60|180|10|58|183|184|185|186|187|260
110|166974|75392|76165|75400|76167|75606|76180|75394|166982|75122|76170|76169|75019|76166|76172|134854|76168|76187|166993|76171|75603|75127|75125|76178|134915|76191|76192|75016|134913|76182|76177|76202|75607|167009|134853|134910|134912|134916|167014|76197|76186|76193|76179|511302|512845|513055|513065|513720|515672|515995
5|16576|16732|16733|16575|16735|16586|16737|16738|16739|16577|16592|16573|16743|16744|16578|16746|16747|16748|16749|16750|16751|16752|16594|16754|16581|16756|16757|16593|16570|16760|16579|16591|16763|16588|16585|16595|16619|16768|16596|16770|16590|16599|16598|16597
