2|29649|6194|6342|29652|6179|29654|29655|29656|29657|29658|29659|29660|29661|6337|6358|29664|29665|29666|29667|29668|29669|29670|29671|29672|29673|29674|29675|29676|29677|29678|29679|29680|29681|29682|29683|29684
4|370742|415567|395023|395024|395025|395026
1304|117945|117946|117947|117948|117949|117950|117951|117952|117953|117954|117955|117956
68|508870|185449
3|498803|498804|498805|287833|498807
55|283516|283517|283518
1|52|1819|1820
1137|225029|225030|225031|225032|225033|225034|225035|225036|225037|225038|225039|225040|225041
110|75122|75123|75124|75125|75126|75127|510805|510806|514270|515133|515520
5|16572|16749|16948|16580|373875|373876|16763|16950|16735|16952|373881|16953|373883|16954|373885|16955|16956|16957|16754|16959
