2|93520|93521|93522|6195|93524|6181|93526|93527|93528|93529|93530|93531|93532|93533|6180|96950|6186|96952|96953|96954|96955|96956|96957|6189|96959|96960|96961|97546|97547|97548|97549|97550|100150|100151|100152|100153|100154|100155|6417|6420|100158|100159|100160|100161|100162|100163|6426|100165|100166|100167|6421|6396|6411|6193|6397|6410|6393|6399
4|212764|8547|242290|229283|245079|212766|212767|212768|212769|242280|212770|212771|354996|212772|212773|212774|212775|213826|213827|213828|213829|213830|229288|213831|316350|213832|213833|316353|326747|213834|316355|213835|316357|213836|213837|213838|295219|213839|213840|245105|213841|213842|213843|229289|245110|213844|365100|245112|213845|213846|352508|316374|295232|213847|355037|316377|352513|245116
532|247896|247897|247898|247899|247900|247901|247902|247903|247904
68|185429|185427|185443|185431|185438|186030|188516|9170|188518|185454|186024|188521|185440|188523|188524|188525|186914|188527|188528|188529|188530|188531|185434
1011|508973|515676
3|287822|287830|49168|287827|290606|290603|287829|290614|297098|287825|290607|297101|297102|297103|290604|297105|297106|297107|297108|297109|297110|287824|297112|297113|297114|297115|297116|297117|290605|297119|297120|297121|287823|297123|297124|297125|297126
1296|128542|137777
55|58487|59258|59259|59260|59261|59262|59263|59264|59265|59266|59267|59268|59269|59270|59271|59272|59273|59274|59275|59276|59277
1|206|33|208|31|35|211|212|34|214|29|216|40|218|219|54|38|47|223|42|225|226|167|228|229|62|231|154|233|234|235|164|237|238|239|160|241|242|171|244|49|172|46|56|50|249|180|163|60|177|184|187|185|183|64|259|260|186|262|150|265|266|18890|9976|9977|9978|9979|19893|159
110|76163|76164|76165|76166|76167|76168|76169|76170|76171|76172|76173|76174|76175|76176|76177|76178|76179|76180|76181|76182|76183|76185|76186|76187|76188|76189|76190|76191|76192|76193|76194|76195|76196|76197|76198|76199|76200|76201|76202|76203|515995
5|16583|179418|16574|16595|16581|16582|179423|179422|179425|16575|16739|57959|57960|16593|57962|16768|359248|57963|57964|57965|16743|57967|182967|182968|16589|57969|57970|16598|57972|57973|16586|16570|16770|16579|16591|57980|57981|179453|16732|16733|16594
