2|6384|30212|6394|30214|6422|30216|6177|30218|6412|30220|6191|6190|30223|30224|6404|6409|30227|30228|30229|30230|30231|30232|30233|30234|30235|30236|30237|30238|30239|30240|30241|6423|30243|30244|30245|6405|30247|30248|30249|30250|30251
4|197272|197273|197274|197275|8516|197277|197278|197279|197280|197281|197282|197283|197284|197285|197286|197287|197288|197289|197290|197291|197292
532|136758|136759|136760|136761|136762|136763|136764|136765|136766|136767
68|185448|185445|185451|185455|186033|185453|194819|194820|194821|194822|194823|194824|194825|194826|194827|194828|186037
3|294264|294265|287826|294267|287834|294269|290618|294271|294272|294273|294274|294275|294276|294277
1296|137699
55|283340|283341|283342|283343|283344|283345|283346
1|1|2|3|4|5|6|7|8|9|10|11|3933|12|13|5412|54551|54552|54553|178006
973|277405|277406|277407|277408|277409|277410|277411|277412|277413|277414|277415|277416|277417|277418
110|75392|75393|75394|75395|75396|75397|75398|75399|75400|75401|75402|75403|75404|75406|75407|75408|75409
5|16590|16576|16760|16585|80396|57591|57592|57593|80400|16747|57596|57597
