2|244922|244923|244912|245381|245382|244915|244875|244929|245386|244880|245388|244901|244885|245457|245458|244145|245460|245461|245462|245463|232021|402332|245466|232050|245468|232044|245470|232060|245472|245473|232028|245475|245476|245608|236844|245610|237829|236843|237833|237838|236862|245616|242575|237832|237859|236855|242573|236874|242572|245624|237847|245626|238763|238756|242077|242084|238787|245632|238755|245634|238767|245636|245637|238772|245639|242086|238761|238750|238781|238762|242091|242092|238773|238777|243589|240273|240896|243588|240272|240899|243632|240281|245714|243586|240266|240909|243603|240267|245720|243594|240285|240905|243595|240294|240917|245727|240289|243587|240293|238231|238983|237343|243020|241276|238220|243023|241275|238956|237344|238975|241283|238228|238957|237348|238222
4|33528|33531|38913|38914|33532|38916|33530|33536|33543|38920|33537|33533|33539|33541|38925|38926|33553|33544|33542|38930|38931|38932|33546|8538|38935|33524|38937|33548|38939|33540|38941|38942|38943|33527|33545|33529|38948|33538|38950|38951|38952|33549|33555|33534|38957|38958|38960|38961|33551|33557|38964|38965|38966|184560|514161
472|402853|490175|490176|402854|490178|402864|497979|490180|402855|490182|490183|490184|497985|402860|187948|497988|402858|497990|490188|490189|239770|490191|490192|490193|490194|490195|187952|490197|490198|392146|490200|490201|490202|497986
68|9173|9153|9175|9150|9164|9178|9152|9180|9181|9154|9161|9184|9185|9186|9163|9188|9189|9190|9191|9192|9165|9195|9196
1140|480109|507876
1011|131867|514161
3|156314|165055|49206|156313|165058|156317|156318|165061|156320|165063|156319|156323|156316|156322|156324|156325|165070|165071|156321|165073|165074|156329
1367|420363|420364|420365|511055|511056|512275|511057|511058|511059|511060|511061|511062|511063|511065|511066|511067|511068|511064
55|114139|114146|94833|94806|114189|94977|114147|94824|94976|94842|94561|114196|114145|114106|94981|94823|114200|114150|114140|114204|94825|114152|94840|94829|114155|114210|114156|114159|114214|94837|114216|94827|114154
1|36168|35815|35814|36171|35812|35813|35810|36175|35818|36177|35825|35824|36180|36181|36182|35819|35821|36185|36186|36187|36188|36189|36190|36191|35827|36193|35820|36195|36196|35833|36198|36199|35829|36201|36202|36203|36204|36205|36206|36207|36208|36209|36210|36211|105442|36212|35832|36215|36216|35836|36218|35835|36220|36221|35834
1273|393462|393463|393464|393465|393466|393467|393468
1389|512356
110|125910|125883|125901|125831|39801|36051|36741|125929|125881|125908|35149|125912|125889|125837|35153|125906|125934|125884|125907|125833|37233|35150|125913|125885|36990|125933|125880|125832|35151|125919|125903|125888|36419|125931|125914|125887|35154|101069|125922|125930|36989|125895|125916|125932|125897
5|64068|63811|63816|63817|46775|64073|64074|63821|78665|78666|64076|63825|64078|64079|46795|46776|64082|63819|64084|64085|64094|46781|64087|63826|64089|64090|64091|46799|78685|78686|64093|514161
