2|232021|232022|232023|232024|232025|232026|232027|232028|232029|232030|232031|232032|232033|232034|232035|232036|232037|232038|232039|232040|232041|232042|232043|232044|232045|232046|232047|232048|232049|232050|232051|232052|232053|232054|232055|232056|232057|232058|232059|232060|232061|232062|232063|232064|232065|232066|232067|232068|232069|232070|232071|232072|232073|232074|232075|232076|232077|232078|232079|232080|232081|232082|232083|232084|232085|232086|232087|232088|232089
4|38942|94308|33537|94310|94311|94312|94313|94314|94315|94316|33529|38916|94319|94320|94321|94322|94323|94324|94325|94326|94327|94328|94329|94330|94331|94333|94334|94335|94336|94337|94338|94339|94340|94341|94342|94343|94345|94347|94348
68|9175|9152|64485|9165|9171|64488|9162|64490|64491|64492|64493|64494|64495|64496|64497|64498|64499|64500|64501|64502|64503|64504
3|49175|189188|189189|165058|156318|189192|189193|189194|189195|189196|156322|189198|189199|189710|189200|189201|189202|189203|189204|189205|189206|189207|189208|189209|189210|189211|189212|189213|189214|189215|189727|189728|189729|189216
1367|420363|420364|420365|511055|511056|512275|511057|511058|511059|511060|511061|511062|511063|511065|511066|511067
55|114204|114159|114148|124268|114156|124270|124271|124272|124273|124274|124275|114154|124277|114139
1|35810|35820|35808|36385|36180|35836|36388|36389|36188|36206|36191|36393|36394|36395|36396|36195|36398|36399|36400|36401|36402|36403|36404|36405|36406|36407|36408|36409|36410|36411|36412|36414|36415
1369|445605|445606|445607|445608|445609|445610|445611|445612|445613|445614|445615|445616|445617|445618|445619|445620
110|125880|125881|125882|125883|125884|125885|125886|125887|125888|125889|125890|125891|125892|125893|125894|125895|125897|125898|125899|125900|402443
5|46772|46773|46774|46775|46776|46777|46778|46779|46780|46781|46783|46784|46785|46786|46787|46788|46789|46790|46793|46795|46796|46797|46798|46799
