2|238747|238748|238749|238750|238751|238752|238753|238754|238755|238756|238757|238758|238759|238760|238761|238762|238763|238764|238765|238766|238767|238768|238769|238770|238771|238772|238773|238774|238775|238776|238777|238778|238779|238780|238781|238782|238783|238784|238785|238786|238787|238788|238789|238790|238791|238792|238793|238794|238795|238796|238797|238798
4|33557|33544|107576|107577|107578|107579|107580|107581|107582|107583|107584|107585|107586|107587|107588|107589|107590|107591|33552|448470|107594|107595|38932|107597|107598|107599|107600|107601|107602
285|423543|502132|502133|423544
471|184833|184904|185001|185002|185003|185004|185005|185006
68|67425|9163|67427|67428|67429|74832
3|190221|156327|190223|190224|190225|190226|190227|190228|190229|190230|190231
55|114196|114140|114145|122989|122990|122991|114200|122993|122994|122995|122996
1|35813|36175|36185|41180|35830|41182|41183|41184|41186|41187|36209|41189|41190|41191|41192|41193|41194|41195|41196|41197|41198|41199|41200|41201|41202|41203|41204|41205|41206|41207|41208|41209|41210|41211|41212|41213|41215|41216|41217|41218|41219|41220|41221|41222|41223
1273|393462|393463|393464|393465|393466|393467|393468|393469
1389|512356
110|125910|125911|125912|125913|125914|125915|125916|125917|125918|125919|125920|125921|125922|125923|125924|125925|125926|125927|125928
5|63814|63819|63818|356234|64076|63825|356237|356238|356239|356240|356241|356242|356243|356244|356245|356246|356247|356248|356249|356250|356251|356252|356253
