2|29320|29321|29322|29323|29154|29151|29326|29327|29152|29155|29330|29331|29332|29333|29334|9205|29164|29337|29338|29339|29350|29359|29340|29341|29342|29165|29344|29159|29346|9203|29348|29349|29352|29351|29354|29353|29356|29355|29358|9207|29360|29157|29362|29363|29364|29365|29366|29367|29368|29369|29370|29371|40519|70213|70214|38487|70216|9209|29476|70219|29166|40540|29162|30413|70224|70225|9204|30074
4|314212|287576|345437|297983|287548|345434|345441|316818|345447|345435|374628|345439|345440|292134|374632|287557|287559|372335|316814|300022|315712|345456|285697|345446|345453|374643|314227|287558|318604|292126|372331|375360|295097|345260|314211|323346|270759|295095|270807|318606|314222|323360|295099|292128|323342|270763|300752|314225|270804|295101|375382|295102|345259|314226|345266|345273|323352
1318|22792|22794|147320
1150|515931
532|501433|501437
68|11150|32920|19640|32926|19449|19639|19647|11128|19513|11152|22316|19642|23797|24845|19515|19648|26017|24846|19644|32922|19454|19455|19638|24851|24929|11127|32931|19655|26018|22315|11153|23800|19651|11155|19450|22259|19646|19458|23794|23798|53735|32802
3|148319|148320|148321|148322|148323|148324|148325|145923|148327|148328|148329|148330|148331|145927|148333|148334|148335|148336|145922|148338|148339|148340|148341|145924|148343|148344|148345|148346|148347|145925|148349|148350|148351|148352|145921|148354|148355|148356|148357|148358|49180
55|14256|14253|14262|14261|14264|14400|14255|14402|14404|14265|14406|14260|14254|14407|14410|14409|14266|14263|14412|14415|14414
1|168324|172856|168489|168347|168325|172860|168335|172862|168333|168486|168332|170182|168426|168328|168785|168341|168437|170168|168349|168353|168488|168502|172877|168421|168493|168342|168329|168495|168491|168509|170173|168337|168436|168507|168343|168334|180645|168348|170171|172893|168350|168512|172896|168377|168351|172899|168359|168508|168360|168802|172904
249|313614|400519|313616|400521|400522|194836|313609|313617|400526|313619|148606|311907|400530|400531|400532|400533|400711|313615|400714|311908|400716|400718|400719|400720|400721|400723|313621|148607|400726|400727|400728|313620|400730
110|340370|304819|340246|341528|340376|341290|340369|340367|94455|304821|303518|156226|303526|146133|340375|303528|340245|340373|341292|340368|313896|341296|340397|313905|340386|156229|341553|340379|340393|340380|340381|340372|340384|303520|313894|340378|340374|304822|341299|340377|340382|341294|156230|340389|146134|156228|340387|303523|313898|340388|341295|340390|341579|340394|303521|340391|340419|156231|340371|304829|340383|340400|489353|303540|341591|303532|313893|341307|341595|340398|303525|340396|94457|146135|146136|146137|156227|156232|156233|156234|156235|303519|303522|303524|303527|303529|303530|303531|303533|303534|303535|303536|303537|303538|303539|303541|303542|303543|303544|303545|304823|304824|304825|304826|304827|304828|304830|304831|313897|313900|313901|313902|313904|340248|340251|340253|340255|340256|340257|340259|340260|340261|340263|340266|340269|340392|340395|340399|340401|340402|340403|340405|340406|340407|340408|340409|340411|340412|340413|340414|340415|340416|340417|340418|340420|340421|340422|340423|340424|340425|340426|340427|340428|340429|340430|340431|340432|340433|340434|340435|340438|341291|341293|341297|341298|341300|341301|341302|341303|341304|341306|341308|341309|341744|342421|342425|342427|342428|342429|342430|342432|342433|342434|342435|342436|342437|489443|491904|499215|500751|501373|501374|501375|501376|501377|501378|501379|501396|503567|503570|503571|503572|503573|503575|503576|503577|503599|503601|503602|503603|503604|503607|503612|513630|514495|515522
5|340838|340839|340336|282114|340270|340843|340844|340164|340846|340151|340221|340220|340850|340148|340150|282115|339825|340855|340293|340346|340858|340859|340291|340159|339817|339816
