2|29155|29164|71424|71425|71426|71427|70213|71429|71430|29364|71432|71433|71434|71435|71436|71437|143757|143758|143759|71438|71439|143762|71440|71441|71442|71443|71444|71445|143769|71446|143772|71447|71448|143774|71449|71450|143778|143777|71451|71452
4|344927|345259|345260|345261|345263|345264|345265|345266|345267|314217|345269|345270|345271|376242|345272|345273|345274|345275|345276|345277|345278|345279|376251|345280
1331|316379|316380|316381|316382|316383|316384|316385|316386|316387|316388|316389|316390|316391|316392|316393|316394|316395|316396|316397|316398|316399
68|26017|26018|113537|113538|26019|113540|113541|26020|113543
1011|406539|406540
3|169152|169153|169154|169155|169156|169157|148328|169159|169160|169161|169162|169163|169164|169165|169166|169167|169168
535|148603|148604|148605|148606|148607|148608|148609|148610|148611|148612|148613|148614|148615|148616|148617|148618|148619|148620|148621|148622|164899|164900|164901
55|14253|26395|26396|14256|26398|14410|14260|26401|26402|26403|26404|26405|26406|26407
1|168488|180339|180340|180341|180342|168507|180344|172856|180346|180347|180348|180349|180350|180351|180352|180353|180354|180355|180356
110|313893|313894|313895|313896|313897|313898|313899|313900|313901|313902|313903|313904|313905|489353|500751|514537|514538|514539|514540|514541|514542|503570
5|340270|340271|340272|340273|340274|340275|340276|340277|340278|340279|340280|340281|340282|340283|340284
