2|148623|148624|148625|29149|148627|29161|148629|148630|148631|148632|148633|148634|29354|148636|148637|29355|148639|148640|148641|148642|148643|148644|148645|148646|148647|148648|148649|148650|148651|148652|29340|148654|148655|148656|148657|148658|148659|148660|148661|148662|148663|148664|148665|148666|148667|148668|29144|148670|148671|148672|148673|148674|148675|148676|148677|148678|148679|148680|29334|148682|148683|148684|29154|148686|148687|148688|148689|148690|148691
4|285697|287548|374628|287550|287551|287552|287553|287554|287555|287556|287557|287558|287559|287560|287561|287562|287563|287564|287565|287566|287567|287568|287569|287570|287571|287572|287573|287574|287575|287576|287577|287578|287579
1150|515931
532|501433|501434|501435|501436|501437|501438|501439
68|19638|19639|23794|19640|19641|23797|23798|79002|19642|23800|19643|19644|19645|19646|19647|19648|19649|19650|19651|19652|19653|19654|23813|19655|19656|23816|19657
3|148331|49180|148327|148350|155572|149496|148320|148334|155576|155577|155578|155579|148330|155581|155582|155583|148355|155585|148343|155587|148352|155589|155590|155591|155592|155593|155594|155595|155596|155597
55|14258|26694|26695|26696|26697|26698|26699|26700|26701|14259|26703|26704|26705|14264|26707|26708|26709|26710|26711|26712|14257|14406|14412|26716|26717|26718|14414
1|168324|168325|168326|168327|168328|168329|168330|168331|168332|168333|168334|168335|168336|168337|168338|168339|168340|168341|168342|168343|168344|168345|168346|168347|168348|168349|168350|168351|168352|168353|168354|168355|168356|294448|168357|168358|168359|168360|168361|168362|168363|168364|168365|168366|168367|168368|168369|168370|168371|168372|168373|168374|168375|168376|168377|168378
110|340367|340368|340369|340370|340371|340372|340373|340374|340375|340376|340377|340378|340379|340380|340381|340382|340383|340384|340385|340386|340387|340388|340389|340390|340391|340393|340394|340395|340396|340397|340398|340399|340400|340401|340402|340403|340404|340405|340406|340407|340408|340409|340410|340411|340412|340413|340414|340415|340416|340417|340418|340419|340420|340421|340422|340423|340424|340425|340426|340427|340428|340429|340430|340431|340432|340433|340434|340435|340436|340437|489443|340438|340392|491904|501373|501374|501375|501376|501377|501378|501379|503571|503572|503573|503575|503576|503577|503599|503601|503602|503603|513630
5|340591|343622|343623|340839|343625|343626|340600|343628|343629|340855|343631|343632|340838|343634|343635|343636|343637|343638|343639|343640|343641|340843|343643|343644|343645|343646|343647|343648|343649|343650|343651|343652|343653|343654|343655|343656|343657
