2|29165|29156|29143|38486|38487|29360|38489|38490|38491|38492|38493|38494|38495|38496|38497|38498|38499|38500|29369|29342|38503|38504|38505|38506|29341|38508|38509|29338|38511|38512|38513|38514|29353|38516|38517|38518|38519|38520|38521|38522|38523|38524|29330|38526|38527
4|345434|345435|345436|345437|345438|345439|345440|345441|345442|345443|345444|345445|345446|345447|345448|345449|345450|454541|345452|345453|345454|345455|345456|345457|345458|345459|345460|345461|345462|345463|345464
1318|22794|147320
68|24845|24846|24847|20292|20291|24850|24851|24852|24853|24854|24855
1011|242651|242652
3|148323|148335|156296|148339|156298|156299|148351|156301|148338|156303|148354|156305|148358|156308|156309|294067|294068|294070|156310
55|14254|14407|14400|15422|14415|15424
1|172860|181711|181712|181713|181714|172904|172896|181717|181718|181719|181720|181721|354120|181722|181723|172893|181725|181726|181727|181728
110|303518|303519|303520|303521|303522|303523|303524|303525|303526|303527|303528|303529|303530|303531|303532|303533|303534|303535|303536|303537|303538|303539|303540|303541|303542|303543|303544|303545|499191|499192|500833|514464|514465|514477|514484|503604|510623
5|340148|340149|340150|340151|340152|340153|340154|340155|340156|340157|340158|340159|340160|340161|340162|340163|340164|340165|340166|340167|340168|340169
