2|40514|29150|40516|40517|40518|40519|40520|40521|40522|40529|40524|40523|29333|40525|40528|40527|40530|40531|29167|40533|40534|40535|29365|29348|40538|40539|40540|40541|40542|40543|40544|40545|29349|40547|40548|29320|40550|40551|40552|40553|40554|40555|40556|59044|40557|40558|40559
4|300752|314211|314212|314213|314214|314215|454742|314218|314219|314220|314221|314222|314223|314224|314225|314226|314227|314228|314229|314230|314231|314232|314233|314234|314235|314236|314237|314238|314239|314240|314241|314242|314243|314244|314245|314730
1318|22792
68|22315|53735|22316|22317|22318|53528|22319|93927|22320|22321|22322|22323|22324|22325|93934|22326|22327|96994|22328|22329
3|145921|145922|145923|145924|145925|145926|145927|145928|145929|145930|145931
55|14261|15660|14266|15655|15666|14255|14262|15662|15663|15664
1|168493|168481|168509|168486|168495|172862|182630|182631|182632|182633|182634|182635|172899|182637|182638|182639|182640|182641|182642|182643|182644|182645|182646
1360|368373|368374|368375|368376|368377|368378|368379|368380
107|61387|61388|61389
110|304819|304820|304821|304822|304823|304824|304825|304826|304827|304828|304829|488448|304830|304834|304835|304836|488453|514386|514387|514388|514389|514390|514391|514392|514393|514394|304831|304833|501408|503607|503609|503612|513511|515574
5|340335|340336|340337|340338|340339|340340|340341|340342|340343|340344|340345|340346|340347|340348|340349|340350|340351|340352|340353|340354|340355|340356|340357
