2|30055|29145|29344|29367|29166|29323|29326|30062|30063|30064|30065|30066|29158|30068|29358|30070|30071|29363|30073|30074|30075|30076|30077|30078|30079|30081|30082|30083|30084|30085|30086|30087|30088|30089|30091|30092|30093
1013|422074|419543|419544|419547|419546|419545|419548|419549|419550|419551|419552|419553|419554|419555|419556|419557|419558|419559|419560|419561|419562|419563|419564|419565|419566|419567|419568|419569|419570|419571|419573|419572|419574|419575|419576|419577|419578|419579|419580|419581|419582|419583|419584|419585|419586|426683
4|288594|292125|292126|292127|292128|292129|292130|292131|292132|292133|292134|292135|292136|292137|292138|292139|292140|292141|292142|292143|292144|292145|292146|292147|292148|292149|292150|292151|292152|292153|292154|292155
68|19449|19450|19451|19452|19453|19454|19455|19456|19457|19459|19460|19461|19462|19463
3|148336|148333|148321|160558|149504|160560|148356|148329|160563|160564|160565|148349|148346|148344
55|14265|27133|27080|27081|14404|27083|27084|27085|27086
1|177629|177630|168502|177632|177633|177634|177635|177636|177637|177638|177639|172877|177641|177642|177643|177644|177645|177646|177647|177648|177649
590|313609|313610|313613|313614|313615|313616|313617|313618|313619|313620|313621|313611|313612
110|156226|156228|156229|156230|156231|156232|156233|156234|156235|488368|514595|514597|514601|514603|514604|514605|514607|514608|514609|514612|514613|156227|488369|515521|515971|515972|515975
5|339815|339816|339817|339818|339819|339820|339821|339822|339823|339824|339825|339826|339827|339828|339829|339830|339831|339832|339833|339834|339835
