2|10221|67471|45340|67473|45376|37106|9538|67477|37107|45373|45344|9565|37113|67483|9568|45349|45358|45361|45382|45365|67490|9541|45372|67493|67494|37125|67523|67524|67525|67526|67527|67528|67529|37129|67531|67532|45375|37135|67535|67536|67537|37109|37134|67540|37114|67542|37122|67544|67545|9863|10198|9887|10214|10229|9880|67628|67629|10207|67631|9911|9870|9883|67635|67636|10204|9909|9892|9885|10232|9881|67643|67644|9876|9871|10192|67648|9866|67650|9878|10235|10188|9875|67797|67798|67799|67800|67801|67802|67803|67804|67805|67806|67807|67808|67809|67810|67811|67812|67813|67814|67815|67816|67817|67818|67819|67820
4|51208|48971|94988|17564|12869|50049|48972|8674|51212|8673|12862|52636|17560|94999|95000|51221|12860|94593|50037|17573|51225|8549|12880|17566|48970|50038|50031|17555|17556|50052|12872|48987|12861|50064|51229|48973|48982|95023|12867|17563|50056|50065|12864|12876|50069|12868|51239|12874
532|113160|113547|515116|515753
1388|515657
68|20910|20912|20997|19402|15581|21000|20905|21002|20913|21004|21005|20920|21007|20911|20926|15583|15789|26059|21014|21015|20923|20914|20918|20921|21021|26039|49732|20916|20924|15765
1011|132601|132657|207433|515398
3|277271|49189|277222|277230|277226|277235|277232|277221|277255|277220|277236|277304|49208|277237|277234|277247|277240|277310|277311|277239|277313|277245|277246|277243|277251|277250|277231|277248|277233|277322|277323|277259|277262|277225|277238|277252|277244|277241|277249|277229|277254|277224|277263|277336|277223|277260|277256|277269|277264|277267|277258|277261|277270|277228|515140
1296|128554
55|277347|368498|134824|179518|130888|368502|368296|134821|368505|130884|368301|134851|368311|134823|134850|368304|368290|368302|134830|134842|368517|368309|134826
1|268564|269282|268588|269270|240711|188698|269259|268240|269267|240712|240714|268586|269644|240715|269268|240709|268912|240718|268237|268570|240719|269264|269271|269655|269656|269289|269277|268416|269292|268585|269281|240707
1378|515783|515784|515786|515788|515825|515826
196|275657|275658|275659|275660|275661|275662|275663|275664|275665|275666|275667|275668|275669|275670|275671|275672|275673|275674|275675|275676|275677|275678|275679|275680|275681|275682|275683|275684
110|360087|360088|360089|389655|360091|360092|360093|74793|360095|360096|360097|360098|360099|360100|360101|360102|360103|360104|360105|360106|360107|360109|360110|360111|360112|360113|360114|360115|360117|360118|360119|360120|360121|360122|360123|360124|360126|360127|360128|360129|360130|360131|360132|360133|360134|360135|360136|360137|360138|360139|360140|360141|360142|360143|360144|360145|360147|360148|360149|74802|360152|360153|74794|360156|360157|512622|515528
5|113899|114075|189159|111530|189161|164366|113909|111528|111524|189166|170307|113900|170310|170311|113903|164369|111529|189174|111532|164374|164365|111527|189179|111543|113904|111536|189183|111525|111547
