2|92166|92167|92168|92169|67817|92171|92172|92173|92174|92175|92176|92177|92178|92179|92180|92181|92182|92183|92184|92185|67799|92187|92188|67804|92190|92191|92192|67820|67813|92196|92195|92198|92197|92200|92199|92202|92201|92204|92203|92206|92205|92208|92207|92210|92209
4|51221|94582|94583|51229|94585|94586|94587|94588|51241|94590|94591|94592|94593|94594|94595|94596|231770|94597|94598|94599|94600|94601|94602|94603|94604|51239|94606|94607|94608|51208
532|113155|113156|113157|113158|113159|113160|113161|113162|113163|113164
68|20906|21081|20920|21083|20926|21085|21086|21087|20916|21089|21090|20923|21092
1011|515398
3|277221|277224|277241|277590|277248|277592|277253|277230|277595|277596|277597|277313|277256|277600|277601|277602|277603|277258|277605|277606|277607
55|134819|134820|134821|134822|134823|134824|134825|134826|134827|134828|134829|134830|134831|134832|134833|134834|134835|134836|134837|134838|134839|134840|134841|134842|134843|134844|134845|134846|134847|134848|134849|134850|134851|134852
1|240707|268912|268913|268914|240711|268916|268917|268918|268919|268920|268921|268922|240719|268924|268925|268926|268927|268928|268929|268930|268931|268932|268933|268934|268935|268936|268937|268938|268939|268940
110|360134|360127|360095|360119|389655|360107|360133|360122|360130|360144|360692|360112
5|164364|164365|164366|164367|164368|164369|164370|164371|164372|164373|164374|164375|164377|164378|164379|164380|164381|164382|164383|164384|164385|164386|164387|164388|164389|164390
