2|37103|37104|37105|37106|37107|37108|37109|37110|37111|37112|37113|37114|37115|37116|37117|37118|37119|37120|37121|37122|37123|37124|37125|37126|37127|37128|37129|37130|37131|37132|37133|37134|37135|37136|37137|37138|37139|37140|37141|37142|37143|37144|37145|37146|37147|37148|37149|37150|37151|37152|45337|45338|45339|45340|45341|45342|45343|45344|45345|45346|45347|45348|45349|45350|45351|45352|45353|45354|45355|45356|45357|45358|45359|45360|45361|45362|45363|45364|45365|45366|45367|45368|45369|45370|45371|45372|45373|45374|45375|45376|45377|45378|45379|45380|45381|45382|45383|45384|45385|45386
4|48970|48971|48972|48973|48974|48975|48976|48977|48978|48979|48980|48981|48982|48983|48984|48985|48986|48987|48988|48989|8549|48991|48992|48993|48994
532|113544|113545|113546|113547|113548|167806|113549|114019|113550|113551|113552|113553|113628
68|20903|21004|50005|20909|50007|20922|20912|50010|50011|21015|20914|20919|50015|50016|50017|50018|50019|50020|50021|50022|50023|50024|20924|50026|50027|50028
1011|132601
3|277223|277228|277235|277322|49208|277271|277231|277225|277233|277836|277222|277838|277839|277255|277841|277238|277843|277844|277845|277242|277847|277848|277849|277850|349496|277851|277260|277853|277854|277855
1296|128554
55|368517|368290|368302|368301|373110|368311|373112|368296|373114|368304|373116|373117|373118|368309|373120|373121|373122|373123|373124|373125|373126|373127|373128|373129|373130
1|240708|269256|240706|269258|269259|269260|269261|240710|240712|269264|269265|269266|269267|269268|269269|269270|269271|269272|269273|269274|269275|269276|269277|269278|269279|269280|269281|269282|269283|269284|269285|240715|269287|269288|269289|269290|269291|269292|269293|269294|269295|269296|269297|269298|269299|240717
1165|433131|433132|433133|433134|433135|433136|433137|433138|433139|433140|433142|433143|433144
110|360558|360100|360097|360087|360128|360120|360137|360111|360143|360105|360098|360113|360126|360115|360123|360135|360089|360131|360132|360129|360106|360117|360140|360145|360583|360584|360585|360586|360587
5|114065|114066|114067|114068|114069|114070|114071|114072|114073|114074|114075|114076|114077|114078|114079|114080|114081|114082|114083|114084
