2|105262|67818|105273|160947|67819|160949|67811|160951|67797|67800|160954|67806|160956|160957|160958|105274|160960|160961|160962|160963|160964|160965|160966|160967|160968|163935|160969|160970|160971|160972|160973|160974|160975|160976|160977|160978|160979|67810|160981|160982|160983|160984|160985|160986|160987|160988|160989|160990|160991|160993|160992|160995|160994|160997|160996|160998|160999|161000|67805|161002|161003
4|12859|12860|12861|12862|12863|12864|12865|12866|12867|12868|12869|12870|12871|12872|12873|12874|12875|12876|12877|12878|12879|12880|12881|12882|12883|12884|12885|12886|12887|12888
532|515116|515117
68|19402|19401|19403|19404|19405|19406|19407|19400
1011|132657
3|277652|277268|277236|277656|277257|277657|277658|277659
55|130884|130885|130886|130887|130888|130889
1|188698|188699|188700|188701|188702|188703|188704|188705|188706
1378|515783|515784|515786|515788|515825|515826
110|360717|360101|360104|360720|360124|360147|360148|510809|512644|514996|515900|515901
5|113898|113899|113900|113901|113902|113903|113904|113905|113906|113907|113908|113909|113910|113911|113912|113913|113914|113915|113916|113917|113918
