2|9857|9858|9859|9860|9861|9862|9863|9864|9865|9866|9867|9868|9869|9870|9871|9872|9873|9874|9875|9876|9877|9878|9879|9880|9881|9882|9883|9884|9885|9886|9887|9888|9889|9890|9891|9892|9893|9894|9895|9896|9897|9898|9899|9900|9901|9902|9903|9904|9905|9906|9907|9908|9909|9910|9911|9913|9914|10188|10189|10190|10191|10192|10193|10194|10195|10196|10197|10198|10199|10200|10201|10202|10203|10204|10205|10206|10207|10208|10209|10210|10211|10212|10213|10214|10215|10216|10217|10218|10219|10220|10221|10222|10223|10224|10225|10226|10227|10228|10229|10230|10231|10232|10233|10234|10235
4|50029|50030|50031|8518|50033|50034|50035|50036|50037|50038|50039|50040|50041|50042|50043|50044|50045|50046|50047|50048|50049|50050|50051|50052|50053|50054|50055|50056|50057|50058|50059|50060|50061|432024|50063|50064|50065|50066|50067|50068|50069
1388|515657
68|20907|20911|26037|20904|26039|20913|49732|26042|26043|26044|26045|20915|26047|21000|20921|26051|315376|26053|20917|26055|26056|26057|26058|26059|26060|26061|20997|26063|26064|21014|26066|21007|26068|26069|26070|26071|26072
1011|207433|515654
3|277270|49189|277336|277790|277237|277232|277245|277262|277795|277796|277797|277798|277799|277800|277801|277802|277803|277804|277805|277807|277264
55|368884|368293|368502|368887|368888|368889|368890|368891|368892|368893|368894|368896
1|268579|240709|268581|268582|268583|21019|268585|268586|268587|268588|268589|268590|268591|268592|268593|268594|268595|268596|268597|268598|268599|268600|268601
196|275662|275680|275668|277183|275666
110|360099|360093|360103|360156|360149|361317|360153|360142|515528
5|111523|111524|111525|111526|111527|111528|111529|111530|111531|111532|111533|111534|111535|111536|111537|111538|111539|111680|111540|111541|111542|111543|111544|111545|111546|111547|111548|111549|111550|111551|111552|111553|111554|111555
