1365|513996
1423|513996
2|6798|6799|7441|6462|6464|7444|7445|7446|7447|7448|6469|7450|7451|7452|7453|7454|7455|6468|6461|6467|7459|7460|8133|8134|8135|8136|8137|8138|8139|8140|8141|8142|8143|8144|8145|14885|8146|8147|8148|8149|8150|6470|8152|8153|8154|16258|16259|8155|8156|8157|8158|8160|8159|8162|8161|8164|8163|8220|8219|8222|8221|8223|16273|8225|8224|8227|8226|8229|8228|16282
1420|513996
1372|513996
1375|513996
4|95771|307483|236969|239464|239477|242669|236996|242677|95772|307491|307492|283566|95776|307495|283587|283574|95773|95768|283582|283565|307502|239476|242690|242665|283568|242685|307508|307509|236978|307511|242662|307513|95775|283714|242671|188494
1318|513996
1426|513996
1387|513996
1314|513996
1351|513996
1150|513996
29|513996
532|513996
1329|513996
1425|513996
1388|513996|515562
1317|513996
1406|513996
1173|513996
1176|513996
1316|513996
1374|513996
1416|513996
638|513996
1405|513996
68|205310|205311|205313|205309|205315|205316|205318|285758|205317|205319|205314|205320|205321|205322|206005
1140|513996
1011|203149|203510|203151|131844|203511
3|223106|224892|223109|223119|224895|223103|223100|224898|223101|223107|49200|223114|223113|223108|223115|223102|223104|199000|223111|223110|223118|223117|223116|182833
518|513996
1345|513996
1330|513996
1296|513996
55|175337|175336|385928|175346|385887|175342|175347|175340|386015|175345|386060|386017|385919|175344|385895|385915|515718
1|39487|39488|39489|39490|39491|39492|39493|39494|39495|39496|39497|39498|39499|39500|39501|39502|39503|39504|39505|39506|39507|39508|39509|39510|39511|39512|39513|39514|39515|39516|39517|39518|39519|39520|39521|39522|39523|39524|39525|39526|39527|39528|39529|39532|39533|39534|39537|39538|39539|39540|39541|39542|39543|39544|39545|39546|39547
1380|513996
1273|513996
1378|513996
1399|513996
1415|513996
1385|513996
1418|513996
1391|513996
1408|513996
1371|513996
524|513996
1347|513996
1389|513996
1202|513996
1409|513996
172|513996
1397|513996
54|513996
522|513996
1421|513996
1376|513996
1414|513996
1384|513996
110|106438|278842|105599|278909|106443|105602|105713|106439|106462|105603|105604|106441|105601|106442|106440|105712|278923|278924|105714|105600|278927|106444|278929|278930|278931|106445|105169|106446|105711
1396|513996
1063|513996
1400|513996
1328|513996
1309|513996
1386|513996
1422|513996
1332|513996
1349|513996
1417|513996
1412|513996
1138|513996
5|252538|252540|253060|253073|252533|253061|300369|253059|300371|252539|300373|253062|252537|300376|300377|253074|300379|252534|388748|253058|300382|300383|360991|253070|300385|300386|252535|300388|253063|253072|300391|253068|252536
1407|513996
1404|513996
