2|74269|74460|141423|230168|6463|141425|141426|74462|7460|74464|74465|179213|74466|84314|74467|74468|74469|84318|74470|7445|179222|74472|74473|141441|74474|179227|6470|16259|179230|8145|74475|179233|74476|179235|237921|84328|74477|74478
4|95774|188483|188484|188485|188486|188487|188488|188489|188490|188491|188492|188493|188494|95771|188496|188497|188498|188499|188500|188501|188502|188503|188504|188505|188506|188507|188508|188509
119|474470|474471|474472|474473|474474|474475|474476
1388|515562
68|205311|208389|205321|208391|208392|208393|208394
1011|131844|203147|203148|203149|203150|203151|203152|203510|203511|203512|203513|203514|203515|203516|203517
3|224892|254686|254687|254688|254689|254690|254691|254692|254693
55|515718
1|39630|39497|39501|247780|39523|39493|247783|39636|247786|247787|247788|247789|247790|247791|247792|247793|247794|247795|247796|247797|247798|247799|247800
110|278921|511959|511960
5|358873|252535|300371|253062|358877|358878|304587|358880
