1365|513996
1423|513996
2|72980|72981|7455|72983|8152|8160|8219|73666|16273|73668|73669|6465|73671|73672|16779|73673|8161|73750|8228|73752|73753|73754|8148|73756|96890|73757|73758|8147|73760|16258|73856|73857|73858|174058|84097|73859|7441|96901|8221|73861|160265|8134|73863|84103|73864|96908|8135|73866|73867|73868|8163|73870|73871|73872|73873|73874|74024|74025|74026|112124|74027|74028|74029|7454|96926|7448|74032|74033|8224|74035|74036
1420|513996
1372|513996
1375|513996
4|242657|242658|242659|8554|95768|242662|242663|242664|242665|242666|95776|242668|242669|242670|242671|242672|242673|242674|242675|242676|242677|242678|242679|242680|242681|242682|242683|242684|242685|242686|242687|242688|242689|242690|242691|242692|242693|242694|242695|242696|242697
1318|513996
1426|513996
1387|513996
1314|513996
1351|513996
1150|513996
29|513996
532|513716|513717|219327|513719|513996
1329|513996
1425|513996
1388|513996
1317|513996
1406|513996
1173|513996
1176|513996
1316|513996
1374|513996
1416|513996
638|513996
1405|513996
68|285758|205319|205314|205320|205316|209046|209047|205310|209049|205322
1140|513996
1011|513996
3|49200|223099|223100|223101|223102|223103|223104|223105|223106|223107|223108|223109|223110|223111|223112|223113|223114|223115|223116|223117|223118|223119|223120
518|513996
1345|513996
1330|513996
1296|513996
55|175342|385882|175344|385884|175339|175346|385887|175348|385889|385890|385891|175347|385893|385894|385895|175336|385897|175337|385899
1|39496|39489|39491|39498|39506|39510|39512|39490|39543|39494|39538|39519|253477|253478|39524|39539|39540|253482|39544|253484|39542|39528|39526|39546|39547|39545|39541|253492|253493|253494|253495|253496|253497|253498|253499|253500|253501|253502|253503|253504|253505|253506
1380|513996
1273|513996
1378|513996
1399|513996
1415|513996
1385|513996
1418|513996
1391|513996
1408|513996
1371|513996
524|513996
1347|513996
1389|513996
1202|513996
1409|513996
172|513996
1397|513996
54|513996
522|513996
1421|513996
1376|513996
1414|513996
1384|513996
110|106438|106439|106440|106441|106442|106443|106444|106445|106446|150121
1396|513996
1063|513996
1400|513996
1328|513996
1309|513996
1386|513996
1422|513996
1332|513996
1349|513996
1417|513996
1412|513996
1138|513996
5|343740|253061|343742|252537|300379|253063|252084|343747|343748|252538|253074|300376|343752|343753|343754|343755|343756|343757|253060|343759|343760
1407|513996
1404|513996
