2|192996|192997|192998|192999|193000|193001|193002|193003|193004|193005|192127|193007|193008|193009|193010|193011|192121|193013|193014|193015|193016|193017|193018|193019|193020|193021|193022|193023|192114|193025|193026|192113|192112|193287|193288|193289|193290|193291|193292|193293|193294|193295|193296|193297|193298|193299|193300|193301|193302|193303|193304|193305|193306|193307|193308|193309|193310|193311|193312|192107|193314|193315|193428|193429|193430|193431|193432|193433|193434|193435|193436|193437|193438|193439|193440|193441|193442|193443|193444|193445|193446|193447|193448|193449|193450|193451|193452|193453|193454|193455|193456|193457|193458|193459|193460|193461|193462|193463|193464|193465|193466|193467|193468|193469|193470|193471|193472|193473|193474|193475|193476|193477|193478|193479|193480|193481|193482|193483|193484|193485|193486|193487|193488
1181|331539|331536|331533|361581|361580|331534|331531|331545|331549|331532|331567|331542|331565|331530|386990|386991|331551|331540|331546|388802|331561|331538|331548|331562|331535|331550|331537|331541|331547|331555|331543|331554|331553|331556|331552|331558|331559|331557|331563|331566|331560|331568|362014|331564|185880|331544|386989
4|49257|49258|47485|49260|49261|49262|49263|49264|49265|47461|48787|47464|47466|49270|49271|47460|48811|48815|49275|47489|49277|47468|49279|47463|47484|49282|48794|55731|48791|55733|55734|48806|48818|55737|55738|55739|48799|55741|48804|55743|47372|55745|48813|48814|55748|55749|55750|55751|55752|47356|47357|48801|47353|47360|47368|47355|55859|47354|47359|47374|47380|47366|47371|47375|55867|47363|55869|47367|55870
1150|509552
189|509547|509548|509549|509550|509551|509552|509553|509554|509555
532|392939|392940|393351|393352|392936|392934|392937|392944|393357|513810
1374|415133
68|5829|5842|5843|5837|5845|5826|5847|5848|5849|5850|22119|5835|5852|5853|5854|5855|5856|5857|5858|5859|5825|41283|5832|5831|41286|5836|5834|41289|171950|41291|41292|41293|41294|41295|41296|41297|41298|5830|5828|5833|41090|22115|24182|5838|24181|41095|24167|41097|41098|41099|41100|41101|41102|41103
3|60860|78892|78895|67656|60866|68011|67463|197358|67452|197360|60861|78882|60870|60863|197753|197754|157350|60865|125734|125746|60872|125741|125751|125744|125747|125748|125745|125733|125752|60864|198175|60859|60862|60868|60867|60877|198182|198183|198184|198185|198186|60887|198188|68192|60880|60884|198192|67348|198194|67346|198196|198197|60886
55|353925|363025|328411|370665|370671|370672|379768|363014|311145|353923|328418|328412|363027|370668|370667|363020|363026|175343|379779|353922|363022
1|230002|67726|7799|228825|67729|67728|67709|7790|230010|67732|230012|67722|67741|67712|7789|7794|7797|67710|7804|67720|67747|7800|67733|67750|67751|230027|67745|228828|67739|67744|7805|67718|67752|67716|67735|67740|67731|67746|67743|67734|228824|67714|67757|67730|7793|67742|7801|67748|67756|67708|7803|228827|67715|7787|277082|277083|277084|277085|277086|277087|277088|277089|277090|277091|277092|277093|277094|277095|277096|277097|277098|277099|7798|277101|277102|7791|277104|277105|277106|277107|277108|277109|277110|277111|277112|277113|277114|277115|277116|277117|277118|277119|277120|277121|277122|277123|277124|277125|7786|229655|360633|229657|360635|229659|360637|7792|360639|229658|229661|360642|229660|229663|360645|360646|360647
1378|513451
1347|509134
110|71267|71260|71268|122853|123135|74305|122802|71270|71265|123140|123141|71269|71263|123144|123145|122789|123147|71271|74275|122795|71261|123152|123153|71276|123155|71277|123157|71280|122854|74306|123161|74307|122788|122790|71264|123166|123167|71274|71275|123170|123171|71262|123173|74391|71278|122791|122792|122793
5|353407|353408|353409|353410|353411|353412|353413|353414|353415|353416|353417|360831|360832|360833|360834|360835|360836|360837|360838|360839|360840|360841|360842|360843|360844|360845|360846|360847|360848|366412|366413|375340|375341|375342|375343|375344|375345|375346|375347
