2|300753|300754|300755|300756|192115|300758|300759|300760|192111|300762|300763|300764|300765|300766|300767|300768|300769|300770|300771|300772|300773|192126|300775|300776|300777|300778|300779|300780|300781|192116|300783|300784|300785|300786|300787|300788|300789|300790|300791|300792|300793|300794|300795|300796|192123|300798|300799|300800|300801|300802|300803|300804|300805|300806|300807|300808|300809|300810|300811|300812|300813|300814|300815|300816|300817|300818|300819|302420|302421|302422|302423|192130|192135|302426|302427|302430|302429|302432|302431|302434|302433|302436|302435|302438|302437|302440|302439|302442|302441|302444|302443|302446|302445|302448|302447|302450|302449|302452|302451|302454|302453|302456|302455|302458|193460|302460|302459|302462|302461|302464|302463|302466|302465|302468|302467|302470|302469|302471|302472|302473|302474|302475|302476|302477|302478|302479|302480
1180|185880|331530|331531|331532|331533|331534|331535|331536|331537|331538|331539|331540|331544|386989|331543|386991|331541|331545|331548|331542|386990|331562|331549|331550|331561|331547|331546|331558|331560|331551|331555|388802|331556|331566|331554|331559|331565|331557|331563|331568|331552|331567|362014|331553|331564|361580|361581
4|47460|47461|47462|47463|47464|47465|47466|47467|47468|47469|47470|47471|47472|47473|47474|47475|47476|47477|47478|47479|47480|47481|47482|47483|47484|47485|47486|47487|47488|47489|47490|47491|47492|47493|47494|47495|47496|47497|47498|47499|47500|47501|47502|47503|47504
1150|509552
532|392933|392938|392935|392936|392937|392940|392939|392941|392942|392934|219305|392944|392945|392946
68|5826|24216|5824|5856|5859|5847|5855|24222|24223|5852|24225|24226|24227|24228|24229|5854|5845|5839|5840|22119
3|215923|60879|216146|60864|49153|198182|216220|60871|216222|453287|216670|198175|60884|60883|198186|60882|60881|216768|217237|198194|217239|217240|60886|198188|217385|217386|217387|217388|217389|217390|217391|60867|198197|217518|217519|217520|217521|217522|217605|217606|217607
55|311145|363014|363015|363016|363017|175343|363019|363020|363021|363022|363023|363025|363026|363024|363027|363028|363029|363030|363031|363032
1|67707|67708|67709|67710|7801|67712|67713|67714|67715|67716|67717|67718|67719|67720|67721|67722|67723|7788|67725|67726|67727|67728|67729|67730|67731|67732|67733|67734|67735|67736|67737|7800|67739|67740|67741|67742|67743|67744|67745|67746|67747|67748|67749|67750|67751|229711|67752|67753|67754|67755|67756|67757|7805
110|71262|71263|71264|71265|71267|71268|71269|71270|71271|71272|71273|71274|71275|71276|71277|71278|71280|71266|71279
5|376486|376487|376488|376489|377533|377534|377535|377536|377537|377538|360848|377855|377856|360838|360833|360847|380253|380254|377860|360837|377862|377863|377864|377865|360836|378421|378423|379348|379349|379350|379351|379352|379353|379354|360841|379356
