2|198240|198241|192108|192125|198244|198245|198246|198247|192134|198249|192122|198251|198252|198253|198254|198255|198256|192133|198258|198259|198260|198261|193310|198263|198264|198265|198266|193315|193312|198269|198270|192107|198272|198273|198274|198275|193314|204148|204149|204150|204151|193311|198629|198630|198631|198632|198633|198634|198635|198636|198637|198638|198639|198640|198641|198642|198643|198644|193300|198646|198647|198648|193298|198650|198651|198652|198653|193293|198655|198656|198657|198658|198659|198660|198661|198662|198663|198664|198665
4|47353|47354|47355|47356|47357|47358|47359|47360|47361|47362|47363|47366|47365|47367|47368|47369|47370|47371|47372|47373|47374|47375|47376|47377|47378|47379|47380|47381|47382|47383|47384|47385|47386|47387
532|513810|515558
68|41095|5833|5838|69405|69406|69407|69408|41090|5828|41100|41101|69413|5843|69415|69416|69417|69418|69419|69420
1140|480112
3|57841|125728|125729|125730|60865|125732|125733|125734|125735|125736|125737|60863|125740|125741|125742|125743|125744|125745|125746|125747|125748|60872|125750|125751|125752
55|370665|370666|370667|370668|370669|370670|370671|370672|370673|370674|370675|370676|370677|370678|370679|370680
1|7787|277115|7791|7802|277120|277110|277105|7798|277093|277119|277083|277104|277087|277088|277118|277098|277089|277096|277095|277090|277091|277084|277097|277121|277113|277092|277094|277122|277086|277101|277117|277099|277102|277111|277108|277107|277082|277125|277114|277109|277124|277167|277106|277169|277123|277116|277112|7795|277174
1301|460569|460570|460571|460572
110|123147|123140|389667|123144|123155|389670|123157|123161|389673|123141|123171|123173|123145|123167|123153|123170|389681|389682
5|353409|353414|353415|353410|392660|392661|392662|392663|392664|392665|392820|353416|392822|392823|353407|392825|392826|392827|392828|353417|353413|392869|392870|392871|392872|392873|392874|392875|392876
