2|64512|64513|5788|6437|64516|6730|6814|64519|7071|6969|6881|6202|7063|64525|64526|5793|6532|64529|6724|64531|6201|6117|6430|6835|64536|13294|5806|6252|64540|6726|64542|6240|64544|6970|5784|6103|64548|6856|6094|6238|6500|6111|7713|5795|64556|13284|6934|64559|64560|6119|6524|6922|10553|7712|13287|6258|6940|64571|6112|6246|6818|64575|6122|6232|6753|64579|6132|6963|6124
4|8517|343505|343028|343298|342163|343187|343061|341434|342161|343027|341238|343070|343310|365839|343541|343073
1318|22796
532|219320|344884|344885|504792
68|134926|428282|190100|141238|152807|426863|190097|141244|139866|134922|190102|168383|152814|134924|134923|150641|152816|150631|428299|134925|190105|141245|428303|426867|428305|426868|168381|426870|134927|141247|426882|426876|168380|426874|428315|428316|141246|152819|141241|141240|428321|141251|152809|134928|426888
1011|132425|132596
3|197824|49191|211678|204163|197800|193319|49210|210369|182252|182250|204157|211686|184718|204169|204158|197799|211691|184726|204159
55|274333|273874|242158|241915|242154|239971|241520|274340|274341|274342|273876|242155|241541|239973|273878|242157|241536|274350|239974|241523|242170|274354|274355
1|43178|43179|43180|43181|43182|43183|43002|43003|43186|43187|43010|43189|42997|42996|43192|43001|43194|43195|43008|43007|43011|43199|43005|43200|43201|43000
1273|394201|431576
1378|512568
131|275302|275301|275388|275303|275304|275305|275306|275307|275308|275309|275311|275313|275312|275310|275316|275314|275315|275318|275317
193|4892|4893|4894|4895|4896|4897|4898|4899|4900|4901|4902|4903|4904|4905|4906|4907|4908|4909|4910|4911|4912|4913|4914|4915|4916|4917|4928|4919|4920|4921|4922|4923|4924|4925|4926|4927|4938|4929|4930|4931|4932|4933|4934|4935|4936|4937|4948|4939|4940|4941|4942|4943|4944|4945|4946|4947|4957|4949|4950|4951|4952|4953|4954|4955|4956|7592|4958|4959|4960|4961|4962|4963
110|48258|47903|119436|48026|47862|48260|48257|119441|119442|47866|47868|47864|119446|48027|119448|48031|119450|47867|47875|47871|47872|47860|119456|119457|119458|48261|119460|119461
1411|511132|511133
5|30049|30050|30051|30052|30053|30054|163689|163695|30013|45909|185070|163692|149432|30012|185188|185273|81094|185074|149431|163697|185076|163694|185280|184095|163701|149159|185196
