2|7689|7690|7691|7692|7693|7694|7695|7696|7697|7698|7067|7700|7701|7060|7703|7704|7705|7706|7707|7708|7709|7710|7711|7712|7713|7714|7715|7716|7717|7718|7719|7720|7721|7722|7723|7724|7725|7726|7727|7728|7729
4|343025|343026|343027|343028|343029|343030|343031|343032|343033|343034|343035|343036|343037|343038|343039
1164|496387|496388|496389|496390|496391|496392|496393|496394
141|415119|415120|415121|415122|415123|415124|415125|415157
1011|132418|132596
3|193316|193317|193318|193319|193320|193321|193322|193323|193324|193325|193326
55|239971|239972|239973|239974|239975|239976|239977|239978|239979|239980|239981|239982|239983|239984|239985
1|43178|212619|212620|212621|212622|212623|212624|212625|212626|212627|212628|212629|212630|212631|212632|212633|212634|212635|43004|212637|212638|212639|212640
110|119446|119436|119450|127007|127008|127009
5|45909|45910|394942|163696|163698|395017|395018|185273|395019|395021|395088|395089|395090
