2|6495|6496|6497|6500|6499|6502|6501|6504|6503|6506|6505|6508|6507|6509|6511|6510|6513|6512|6515|6514|6516|6517|6518|6519
4|365363|365364|365365|365366|365367|365368
1361|281121|281122|281123|281124|281125|281126|281127|281128|281129|281130|281131|281132|281133|281134|281135|281136|281137|281138|281139|281140|281141|281142|281143|281144|281145|281146
1168|515801
68|134922|134923|134924|134925|134926|134927|134928|134929|134930|134931|134932|134933|134934|134935|134936|134937
3|181972|181973|181974|181975
1|43010|43005|217268|217269|217270|302563|217271|217272|217273|217274|217275|297523|217276|217277|217278|217279
193|5070|4930|4925|5073|4940|4950|5076
110|48258
5|45800|30054|369894|369895|370329|370330|30010|370707|370708|370709|370710|372976|372977|372978|372979|402558|373862|373863|373864|373865|373866|373867|373868|373869|373870
