2|5781|5782|5783|5784|5785|5786|5787|5788|5789|5790|5791|5792|5793|5794|5795|5796|5797|5798|5799|5800|5801|5802|5803|5804|5805|5806|5807|5808|5809|5810|5811|5812|5813|5814|5815|5816|5817|5818|5819|5820|5821|5822
4|340864
1168|515963
3|210372
509|437882|437883|437884|437885|437886|437887|437888|437889|437890|437891|437892|437893|437894|437895|437896|437897|437898|437899|437900
55|274342|274434|274354|274448|274437|274538|274355|274540|274541|274542|378302
1|205061|205062|43180|205064|43186|205066|205067|42998|205069|205070|205071|205072|205073|205074|205075|205076|205077|205078|205079|205081|205082|205083|205084|205085|205086|205087|205088|205089|205090|205091
1378|512568
193|4898|4928|4908|5093|5096|4938|4948|4957|5100|5101
110|47902|47903|47904|47905|47906
5|71025|80419|80420|80421|80505|80506|80507|80508|80927|80928|80929|80930|80931|80932|80981|80982|81092|81093|81094|81095|81153|81154|81155
