2|6197|6198|6199|6200|6201|6202|6203|6204|6205|6206|6207|6208|6209|6210|6211|6212|6213|6214|6215|6216|6217|6218|6219|6220|6221|6222|6223|6224|6225|6226|6227|6228|6229|6230|6231|6232|6233|6234|6235|6236|6237|6238|6239|6240|6241|6242|6243|6244|6245|6246|6247|6248|6249|6250|6251|6252|6253|6254|6255|6256|6257|6258|6259|6260|6261|6262|6263|6264|6265|6266|6267
4|343187|343188|343189|343190|343191|343192|8517|343194|343195|343196|343197|343198|343199|343200|343201|343202|343203|343204|343205|343206|343207|343208|343209|343210|343211
68|190100|426865|426870|190097|426879|426867|428299|436276|426874|436785|426868|436787|436788|426876|426863|436791|436792|436793|426882|428305|426881|436798|436799|436800|436801|426888
1011|131866|391975|131526|391977|131629|391979|391980|391981|391982|391983
3|197796|197797|49210|197799|197800|197801|197802|197803|197804|197805|197806|197807|197808|197809|197810|197811|197812|197813|197814|197815|197816|197817|197818|197819|197820|197821|197822|197823|277585|197824
55|241519|241520|241521|241522|241523|241524|241525|241526|241527|241528|241529|241530|241531|241532|241533|241534|241535|241536|241537|241538|241539|241540|241541
1|43179|43000|74128|74129|74130|74131|43187|42994|74134|74135|74136|74137|74138|74139|74140|74141|74142|74143|74144|74145|74146|43194|74148|74149|74150|74151|74152|43203|74153|74154
131|275301|275302|275303|275304|275305|275306|275307|275308|275309|275310|275311|275312|275313|275314|275315|275316|275317|275318
193|4896|4916|4911|4901|4906|4931|4926|4921|4941|4936|4951
110|48026|48027|48028|48029|48030|48031|48032|48033
5|30012|45773|163702|184095|184096|184097|184098|163692|184100|235222|184101|184283|184707|235226|235227|184708|30049|184103|184711|235232|184712|184104|235235|364229|303721|184714|303723|184105|235238|184716|303727
