2|6912|6913|6914|6915|6916|6917|6918|6919|6920|6921|6922|6923|6924|6925|6926|6927|6928|6929|6930|6931|6932|6933|6934|6935|6936|6937|6938|6939|6940|6941|6942|6943|6944|6945|6946|6947|6948|6949|6950|6951|6952|6953|6954|6955|6956|6957|6958|6959|6960|6961|6962|6963|6964|6965|6966|6967|6968|6969|6970
4|343298|343299|343300|343301|343302|343303|343304|343305|343306|343307|343308|343309|343310|343311|343312|343313|343314|343315
68|141238|141239|141240|141241|141242|141243|141244|141245|141246|141247|141248|141249|141250|141251|141252
3|184717|184718|184719|184720|184721|184722|184723|184724|184725|184726
55|273874|273875|273876|273877|273878|273879|273880|273881|273882
1|43001|42997|75585|43003|43006|75588|75589|75590|75591|43182|75593|75594|75595|75596|75597|75598|75599
193|4894|4909|4919|4929|5061|4939|5063|5064|5065|5066|5067|4899|4949
1216|15425|15426|15427|15430|217356|15429|15431|15432|15428|514966
110|48257|48258|48259|48260|48261|48262|48264|48265
5|343971|30052|163701|343974|343975|163688|343982|343983|163697|343985|343986|344022|344023|344024|344025|344026|163695|344045|344046|344047|344048|344049|344050|344051
