1373|402380|402381|402382|402383|402384|6128|402386|402387|402393|402389|402390|402391|402392|402388|402394|402395|402396|402397|402398|513961|515625
2|6088|6089|6090|6091|6092|6093|6094|6095|6096|6097|6098|6099|6100|6101|6102|6103|6104|6105|6106|6107|6108|6109|6110|6111|6112|6113|6115|6116|6117|6118|6119|6120|6121|6122|6123|6124|6125|6126|6127|6129|6130|6131|6132|6133|6134|6135|6136|6137|6138|6139|6140|6141|6142|6143|6144|6145|6146|6147|6148|6149|6150|6151|6152|6153|6154|6155
4|341772|341773|341774|341775|341776|341777|341778|341779|341780|341781|341782|341783|341784|341785
1318|22796
532|504423|504792|504793|219298|504795|504796|504797
68|437392|190101|437394|437395|437396|437397|437398|428315
3|204152|204153|204154|204155|204156|204157|204158|204159|204160|204161|204162|204163|204164|204165|204167|204169
55|242154|242155|242156|242157|242158|242159|242160|242161|242162|242163|242164|242165|242166|242167|242168|242169|242170|242171|242172|242173
1|45633|45634|43201|45636|45637|45638|45639|45640|45641|45642|45643|43192|45645|43195|45647|45653|45649|43007|45651|43181|45654|45655|43189|45657|45658|45659|45660|45661|45662
1273|394201|431576
193|4892|4897|4902|4960|4912|5107|4907|4952|4956|4917|5112|5113|4937|5115|4947|4927|4963|4959|5120|5121|4942|5123|5124|5125|5126|5127|4932|5129|5130|5131|5132|5133|5134|5135|5136|5137
110|47860|47861|47862|47864|47865|47866|47867|47868|47869|47870|47871|47872|47874|47875|47876
5|45857|236595|236596|236597|163689|236599|236600|236601|236782|236783|236784|236785|185074|236787|236788|237177|237178|163694|237180|237181|237182|237183|237558|237559|237560|237561|237562|237563|237564|237764|237765|237766
