2|6843|6844|6845|6846|6847|6848|6849|6850|6851|6852|6853|6854|6855|6856|6857|6858|6859|6860|6861|6862|6863|6864|6865|6866|6869|6868|6871|6870|6873|6872|6874|6875|6876|6877|6878|6879|6880|6881|6882|6883|6884|6885|6886|6887|6888
4|343061|343062|343063|343064|343065|343066|343067|343068|343069|343070|343071|343072|343073|343074|343075|343076|343077|343078|343079|343080|343081|343082|343083|343084|343085|343086|343087|343088|343089|343090|343091|343092|343093|343094|343095|343096|343097|343098|343099|343100|343101|343102
532|344884|344885|344886|219320|344888|344889|344890|344891|344892|344893|344894|344895|344896|344897|344898|344899|344900
1168|515802
68|152807|152808|152809|152810|152811|152812|152813|152814|152815|152816|152817|152818|152819|152820|152821|152822
3|223490|210369|49191|210375|223494|211691|231447|231448|231449|231450|231452|231453
55|241915|241916|241917|241918|241919|241920|241921
1|42995|207272|43199|207274|207275|207276|43200|207278|207279|207280|207281
1326|224552|224553|224554|224555|224556|224557|224558|224559|224560|224561|224562|224563|224564|224565|224566|224567
1073|178345|178346|178347|178348|178349|178350|178351|178352|178353|178354|178355|178356|178357|178358|178359|178360|178361
193|4923|4903|4893|4913|4943|4933|4961|5084|4953|5089|63529|5086|5088
110|119461|121657|121658|278371
1410|511132|511133|515377
5|205757|205758|205759|185280|205761|205762|205763|205764|185196|206200|206201|206202|30011|206204|206205|206206|206569|206570|30050|243570|206572|206826|206827|206828|206829|402542
